Position	A	C	D	E	F	G	H	I	K	L	M	N	P	Q	R	S	T	V	W	Y
0	0.08409888090863538	0.0073015342766470205	0.0073015342766470205	0.018635615261638313	0.08400343601613018	0.034443675582810376	0.027058627025221313	0.05735044978405593	0.04960748287957241	0.0938223293326016	0.024875325109165097	0.0238970149609869	0.015056431792693694	0.03377556133527405	0.061442649550215944	0.14637667326827172	0.06557064115106541	0.08895463981483691	0.009138848457371925	0.06728864921615882
1	0.16670643537187715	0.013159464554153046	2.3861223126297455e-05	2.3861223126297455e-05	0.02672456990145315	0.060309241451716816	0.0012765754372569137	0.0702951633300723	0.0002982652890787182	0.1817032141067551	0.036233267317282686	0.006287432293779379	0.0366031162757403	0.0327614593524064	0.00016702856188408218	0.16263809682884345	0.08876375002982653	0.10195900641866902	0.0018731060154143502	0.012193085017537998
2	0.040027201794363976	2.3861223126297455e-05	0.04773437686415806	0.008077024028251688	0.01704884392373953	0.003459877353313131	0.010606313679639219	0.014185497148583836	0.006251640459089933	0.0117277911665752	0.007599799565725739	0.009830823928034551	0.7356892314300031	0.014984848123314801	0.00403254670834427	0.029325443222219572	0.011847097282206686	0.010248395332744756	0.0009425183134887494	0.016356868453076906
3	0.0679209716290057	0.005726693550311389	0.06922140828938891	0.11269655682550288	0.021212627359278438	0.07509126917845808	0.020126941707031904	0.021546684483046603	0.03897730797680689	0.0638049106397194	0.011823236059080389	0.027476198429931518	0.16713593738815052	0.04958362165644611	0.03713999379608199	0.09687656589276766	0.04669641365816412	0.04324846691641414	0.007289603665083872	0.0164045908993295
4	0.07410102841871674	0.006502183301916056	0.026116108711732564	0.043606385263308595	0.031997900212364885	0.07919539955618125	0.04724522179006896	0.031795079815791355	0.06282660049154119	0.06699038392708011	0.013433868620105467	0.0454914218902861	0.13145147820277267	0.03705647951513995	0.06347085351595123	0.10402300221909375	0.0590565272375862	0.04769858502946861	0.005643179269369348	0.022298313011524972
5	0.06576153093607578	0.009437113746450643	0.023419790498460952	0.03512372044190985	0.040611801760958265	0.0665250900761173	0.03525495716910449	0.04939273187143573	0.03923978143119616	0.09315421508506526	0.015402419528025006	0.03026796153570832	0.11363907513899163	0.04589706268343315	0.05152831134123935	0.1050371042019614	0.07677348540886206	0.07235915913049704	0.006836240425684221	0.024338447588823402
6	0.08056741988594335	0.00947290558114009	0.01979288458326374	0.04766279319477917	0.019613925409816508	0.03496862249158892	0.04413133217208714	0.03791548354768665	0.0393471569352645	0.0913049702927772	0.018802643823522393	0.03273759812928011	0.0979622515450142	0.0726216325848863	0.06221813930182061	0.11563148727003746	0.07795461595361378	0.07385048557589062	0.004390465055238732	0.019053186666348518
7	0.10120737789019064	0.010785272853086449	0.019757092748574293	0.08224963611634732	0.025173590398243816	0.03803478966331814	0.030423059486029254	0.02925385955284068	0.03826147128301797	0.07752511393734043	0.012443627860364122	0.027535851487747263	0.06304135149967788	0.05430814383545301	0.04008685485217972	0.14607840797919303	0.10087332076642248	0.0715955999904555	0.004354673220549285	0.02701090457896872
8	0.004819967071512086	0.0016464243957145244	0.0	0.0	0.06639385334892267	0.0	0.0	0.08514877472619246	0.0	0.6634135865804481	0.06264764131809397	0.0	0.0	0.0	0.0	1.1930611563148727e-05	0.000739697916915221	0.11393734042807034	0.00027440406595242073	0.0009663795366150468
