Position	A	C	D	E	F	G	H	I	K	L	M	N	P	Q	R	S	T	V	W	Y
0	0.13036988968202465	0.0033419857235561326	1.6223231667748214e-05	0.0007787151200519143	0.010593770279039585	0.06252433484750163	0.028666450356911097	0.040558079169370535	0.20295262816353019	0.0450194678780013	0.015509409474367294	0.004526281635301752	0.0004055807916937054	0.030694354315379625	0.16838092147955872	0.13212199870214147	0.04618754055807917	0.06338416612589227	0.0007949383517196625	0.01317326411421155
1	0.02981829980532122	0.00016223231667748214	0.0	0.0	0.0003569110966904607	0.002044127190136275	0.0	0.12534068786502273	0.0	0.34046073977936403	0.05906878650227125	6.489292667099286e-05	0.0	0.029574951330304997	0.0	0.08964957819597665	0.14029850746268657	0.18316028552887736	0.0	0.0
2	0.08221933809214796	0.00663530175210902	0.01834847501622323	0.011145360155743024	0.09469500324464633	0.03173264114211551	0.031829980532122	0.052319922128487996	0.07091174561972745	0.1203926022063595	0.032965606748864375	0.05598637248539909	0.01888384166125892	0.04140168721609345	0.05653796236210253	0.09046073977936404	0.027125243348475016	0.040395846852693054	0.019240752757949384	0.0967715768981181
3	0.06774821544451655	0.003163530175210902	0.06370863075924724	0.08611291369240753	0.026914341336794288	0.06669370538611291	0.02928293316028553	0.02306943543153796	0.08479883192731992	0.05173588578844906	0.01062621674237508	0.048783257624918884	0.10562946138870863	0.05251460090850097	0.05209279688513952	0.11495781959766385	0.054510058403634	0.028958468526930566	0.008857884490590526	0.019841012329656068
4	0.05691109669046074	0.006943543153796236	0.02217715768981181	0.044857235561323816	0.039974042829331605	0.05833874107722258	0.037199870214146655	0.055678131083711876	0.08234912394548995	0.07848799480856587	0.014876703439325114	0.02754704737183647	0.11774821544451655	0.04289422452952628	0.05193056456846204	0.09597663854639844	0.05947436729396496	0.06781310837118754	0.013043478260869565	0.025778715120051914
5	0.06044776119402985	0.003763789746917586	0.010415314730694354	0.02890979883192732	0.04536015574302401	0.04961064243997404	0.02545425048669695	0.07610317975340689	0.047858533419857234	0.13624269954574952	0.027076573653471773	0.029510058403634003	0.08377676833225178	0.0526930564568462	0.04020116807268008	0.08992537313432836	0.07443218689162881	0.08689162881245945	0.0074140168721609345	0.02391304347826087
6	0.05786826735885788	0.006375730045425049	0.0071868916288124595	0.02146333549643089	0.043948734587929916	0.02936404931862427	0.029591174561972744	0.07203114860480207	0.04625243348475016	0.19378650227125244	0.03908176508760545	0.025843608046722907	0.06552563270603504	0.040866320571057754	0.046966255678131084	0.09386761842959117	0.06997079818299805	0.08291693705386113	0.007689811810512654	0.019402985074626865
7	0.05462362102530824	0.0069597663854639846	0.010756002595717067	0.07835820895522388	0.036940298507462686	0.059149902660609995	0.029039584685269307	0.0240914990266061	0.08398767034393251	0.11283257624918884	0.020863075924724205	0.044857235561323816	0.05235236859182349	0.07793640493186242	0.06807268007787151	0.09962686567164179	0.06035042180402336	0.035253082414016874	0.007057105775470474	0.03689162881245944
8	0.0	0.0	0.0	0.0	0.0	0.0	0.01917585983127839	0.0	0.8585496430889034	0.0	0.0	0.0	0.0	6.489292667099286e-05	0.08084036340038936	0.0	0.0	0.0	0.0	0.04136924075275795
