Position	A	C	D	E	F	G	H	I	K	L	M	N	P	Q	R	S	T	V	W	Y
0	0.023266773485572715	0.0018042521105710323	0.10702985094723236	0.3115701032732365	0.0532792955338028	0.005035748428011687	0.045725672891785266	0.010408111055756775	0.003298819157387335	0.02365724595726346	0.03945118420875466	0.059742288168684106	5.385827195734425e-05	0.04793386204203638	0.002787165573792565	0.09880299990574802	0.10599307921205348	0.019483229880569282	0.0038239373089714417	0.036852522586812805
1	0.11369481210195372	0.0005655118555521146	0.0	0.0	8.078740793601637e-05	0.0022216537182404503	0.0	0.08664449501137755	0.0	0.0315878765029824	0.002773701005803229	0.0016426772946989995	0.001319527662954934	0.0008213386473494998	0.0	0.11054410319244908	0.34846301956401726	0.2996270314666954	0.0	1.3464567989336062e-05
2	0.17907875425816963	0.0037835436050034335	0.010825512663426193	0.008657717217143089	0.1012939449837752	0.014757166516312325	0.02369763966123147	0.09639284223565688	0.02618858473925864	0.054329531836971014	0.03507519961222044	0.0360311839394633	0.0462238619073907	0.02243197027023388	0.006772677698636039	0.12085796227228049	0.052161736390687906	0.09538299963645666	0.010731260687500842	0.05532590986818188
3	0.06445488696495173	0.0024909450780271716	0.11606457606807685	0.13693465645154776	0.026686773754864074	0.09092622763198643	0.02287630101388197	0.015484253187736472	0.042750003366142	0.036569766659036745	0.0070554336264120965	0.03298819157387335	0.1375136328750892	0.039074176305053256	0.026619450914917395	0.10371756722185568	0.04660086981109211	0.02496330905222906	0.007122756466358777	0.01910622197686787
4	0.06379512313347427	0.0029083466856965894	0.025798112267567896	0.03576189257967658	0.05255220886237865	0.05454496492480039	0.025380710659898477	0.10274811832662349	0.037027561970674173	0.11172898517551065	0.013922363300973488	0.029864411800347386	0.11092111109615048	0.03441543578074297	0.02396693102101819	0.06954449366492076	0.05235024034253861	0.12299882858258493	0.008792362897036448	0.020977796927385585
5	0.05251181515841064	0.003339212861355343	0.016628741466830035	0.029447010192677966	0.05554134295601126	0.03491362479634841	0.020533466183737494	0.09462898382905384	0.030955041807483607	0.14362654674224778	0.027238821042426854	0.03372874281328683	0.06860197390566723	0.04117464891138968	0.027117639930522828	0.08178378596722724	0.09499252716476592	0.11123079615990521	0.006611102882764007	0.025394175227887814
6	0.09219189702298401	0.006570709178795998	0.024263151516783585	0.07326071442997752	0.045402523260041204	0.021287481991140313	0.05692819345891287	0.060442445704129585	0.023724568797210143	0.07058126540009964	0.02287630101388197	0.0414439402711764	0.061182996943543067	0.05713016197875291	0.02478826966836769	0.0914378812155812	0.06706701315488292	0.10740685885093376	0.014151260956792202	0.037862365186013006
7	0.07723276198683166	0.005480079171659777	0.007769055729846908	0.08343992782991558	0.04239992459841926	0.0708640213278757	0.03389031762915887	0.012979843541719964	0.06475110746071712	0.09042803861638099	0.017732836041955594	0.048876381801289906	0.04551023980395589	0.07397433653341233	0.04989968896847945	0.11745142657097847	0.08683299896322827	0.025407639795877148	0.003460393973259368	0.04161897965503777
8	0.08525764450847595	0.0009559843272428604	0.0	0.0	0.0012118111190402457	0.0	0.0	0.1291117424497435	0.0	0.30474356730264307	0.01829834789750771	0.0	0.000215433087829377	0.0	0.0	0.0008348032153388358	0.010381181919778104	0.4489894841724003	0.0	0.0
