Position	A	C	D	E	F	G	H	I	K	L	M	N	P	Q	R	S	T	V	W	Y
0	0.13702494660057227	0.00597804914090732	0.017625169601955964	0.11382474240653422	0.01696691250554145	0.049758862961619583	0.02459732129663214	0.019062588159432556	0.07173658969088784	0.04742137857843335	0.028828974059296873	0.02663926167734655	0.001894168379478499	0.09947742446835664	0.05447413318287457	0.15350824164752347	0.06352852671314768	0.03979096978734266	0.004406292400488991	0.023455446741627372
1	0.017383360872660836	9.403672805921627e-05	0.05259339862169024	0.6821289915232607	0.00018807345611843255	9.403672805921627e-05	4.030145488252126e-05	0.002942006206424052	0.0005373527317669502	0.03142170099007241	0.0060452182323781885	0.001907602197772673	0.001034404008651379	0.1652628326549255	1.3433818294173752e-05	0.009605180080334234	0.011620252824460296	0.017060949233600665	0.0	2.6867636588347505e-05
2	0.09547414661669286	0.010048496084041967	0.05634143392576472	0.05518612555246578	0.044089791641478256	0.036499684305270085	0.028358790419000794	0.0659734816426873	0.07025886967852873	0.09147086876502908	0.04028802106422708	0.07391286825454399	0.01675197141283467	0.06038501323231102	0.03597576539179731	0.07970284393933287	0.03756095595050982	0.05724149975147436	0.012077002646462203	0.032402369725547095
3	0.059592417952954765	0.004836174585902551	0.07686830827926222	0.12809145743494674	0.02384502747215841	0.06253442415937882	0.020567175808380016	0.029930547159419122	0.06773331183922406	0.08064321121992504	0.013648759386880533	0.03621757412109244	0.10051182847700801	0.06734373110869303	0.03954916105804753	0.08713174545601096	0.04384798291218313	0.03682209594433026	0.006313894598261664	0.013971171025940704
4	0.05902819758459947	0.00694528405808783	0.03952229342145918	0.06532865836456696	0.03682209594433026	0.05366810408522414	0.03232176681578205	0.06124477760313814	0.07195153078359462	0.10444793723720093	0.014387619393060089	0.030844046803422936	0.07986404975886296	0.04814680476631873	0.05335912626445815	0.07901771920633001	0.05576377973911525	0.07631752172920109	0.009094694985155631	0.021923991456091564
5	0.06727656201722215	0.006542269509262618	0.022891226373272074	0.04411665927806661	0.03679522830774191	0.05937747686024799	0.028009511143352275	0.06994989185776274	0.06219857870202448	0.10580475288491248	0.019129757250903424	0.03389352355620038	0.06823036311610849	0.06665860637569017	0.05073953169709426	0.08150297559075216	0.05784602157471218	0.0869571058181867	0.009860422627923535	0.022219535458563387
6	0.05243219280216016	0.007818482247209125	0.01943873507166942	0.06505998199868349	0.03265761227313639	0.02004325689490724	0.054568169910933786	0.04387485054877148	0.09032899421002431	0.10374937868590389	0.018229691425193782	0.03478015556361585	0.05521299318905412	0.08855573019519337	0.08146267413586963	0.07458455916925268	0.051061943336154436	0.06501968054380096	0.012762127379465065	0.028358790419000794
7	0.06432112199250394	0.012291943739168984	0.016228052499361895	0.0841494377947044	0.030588804255833636	0.04345840218165209	0.04141646180093768	0.029017047515415305	0.08738698800360026	0.10454197396526015	0.016066846679831808	0.03593546393691479	0.019882051075377154	0.07427558134848668	0.06706162092451537	0.11184997111729067	0.07811765338062038	0.048294576767554644	0.005534733137199586	0.029581267883770603
8	0.0	0.0	0.0	0.0	0.24730316097744462	0.0	6.716909147086877e-05	0.050336517148269054	0.0	0.17321565308507636	0.03264417845484222	0.0	0.0	0.0	0.0	0.0	0.0	0.015744435040771637	0.2537648275769422	0.22692405862518303
