Position	A	C	D	E	F	G	H	I	K	L	M	N	P	Q	R	S	T	V	W	Y
0	0.07238018840312632	0.0024390508298192935	0.0024173703779986773	0.011349716528092446	0.1672755260219623	0.015989333217704255	0.04209259720972585	0.05889494737070321	0.05323634944552245	0.0758924215980661	0.03700853125779141	0.022656072152543658	0.00022764474411646738	0.02029290290409652	0.043827033355375127	0.12180077832822037	0.05406020661470585	0.07459159448882914	0.00673178029030125	0.11683595486129932
1	0.4318854404925799	0.002525772637101757	0.0	0.00047696994005355073	0.0035555940985810145	0.017029994905093822	0.00040108835868139493	0.03623887521815955	0.004661297141432427	0.03703021170961203	0.012141053019544927	0.0032629079990026994	0.0053767520515127535	0.05885158646706198	0.0013441880128781884	0.1770750902448807	0.09568667411028846	0.11008249411917745	6.504135546184783e-05	0.0023089681188955976
2	0.10672202408698198	0.00304610348079654	0.0314149746880725	0.014861949723032227	0.10196316491235677	0.011067870654424439	0.045648191308306864	0.0724994308881397	0.07762685774371537	0.050027642576071285	0.025409489533761882	0.05690034580320654	0.03176186191720235	0.027339049745796703	0.05240165205042873	0.09558911207709568	0.039176576439853006	0.06998449847694826	0.007165389326713569	0.07939381456709557
3	0.04728506542076337	0.003371310258105779	0.12775206235297942	0.12747021647931142	0.014027252327938514	0.08687357044520808	0.019609968671747118	0.016596385868681503	0.03873212717753038	0.035122331949397824	0.007187069778534185	0.038862209888454076	0.19165519409424492	0.049333868117811576	0.01841754382161324	0.09421240338648658	0.04318746002666696	0.022200782664310723	0.004639616689611811	0.0134635605806025
4	0.055371873949853115	0.0035013929690294746	0.02687292003165346	0.03878632830708192	0.045377185660549164	0.07430974861516114	0.060033171091285545	0.05993560905809277	0.05776756387603118	0.07473251742566316	0.01175080488677384	0.04408719877722252	0.09569751433619876	0.0422985615020217	0.0575290789060044	0.0805103578358573	0.05228240956541534	0.07976238224804605	0.010515019132998732	0.028878361825060435
5	0.0591551127925506	0.0035230734208500907	0.01260718273368817	0.0231222018666869	0.04830404665633232	0.06892215633773807	0.03750718164966558	0.08400091057897646	0.030526076163427247	0.10909603356133941	0.019458205509002808	0.026797038450281304	0.1053886763000141	0.038341879044759296	0.03825515723747683	0.08990883370009431	0.07829895175015447	0.09796312155145313	0.004661297141432427	0.02416286355407647
6	0.053778360741037846	0.005691118602911684	0.010374096196164728	0.03668332448048217	0.01800561523702154	0.01987013409359451	0.0557621220826242	0.049290507214170345	0.05187048098082364	0.1166950319244653	0.024726555301412483	0.03637979815499355	0.06191937039967913	0.08563778469143297	0.07932877321163373	0.11160012574662057	0.07814718858741017	0.08077052325770469	0.004303569686392264	0.019165519409424493
7	0.10060813667356827	0.00507322572602413	0.009842925126559637	0.10874914633220956	0.02414118310225585	0.018460904725254475	0.034103350713828876	0.030601957744799402	0.05729059393597762	0.061095513230495724	0.010861906362128587	0.024856638012336178	0.022211622890221033	0.06833678413858145	0.04075924942275797	0.14819672841982026	0.10658110115014797	0.08842372275038211	0.0016043534347255797	0.03820095610792529
8	0.0014200695942503442	0.00010840225910307971	0.0	0.0	0.23251200555019566	0.0	0.004628776463701504	0.017875532526097845	0.0	0.32208479224707043	0.09090613448384265	0.0	0.0	1.084022591030797e-05	1.084022591030797e-05	1.084022591030797e-05	0.00011924248501338768	0.04566987176012748	0.0024715715075502172	0.28217108044531647
