Position	A	C	D	E	F	G	H	I	K	L	M	N	P	Q	R	S	T	V	W	Y
0	0.11264134531748334	0.0017189247400902954	0.0004866835107484571	0.009050242306258543	0.11696972207265045	0.05642422234187963	0.024738019301660936	0.04883403056786646	0.0998011846083751	0.0728679120241892	0.021517624156070083	0.019115271507269188	0.00023816427121733008	0.034647723977964624	0.06307211199933728	0.12531582653357082	0.05025266122685665	0.059002609452015076	0.004887545044112165	0.07841817504038438
1	0.03638735865468252	0.0001553245247069544	0.0	0.00023816427121733008	0.0004245537008656754	0.0007352027502795841	0.0	0.09792693534357785	4.141987325518784e-05	0.37797705339021664	0.04322163774178851	5.17748415689848e-05	0.0	0.17643830509878639	0.0	0.023578262850515678	0.07121111709398169	0.17157146999130182	1.035496831379696e-05	3.106490494139088e-05
2	0.09975976473511991	0.0034689143851219816	0.0814107608830717	0.014465890734374353	0.0769788344447666	0.020989520772066436	0.018545748250010353	0.08522138922254897	0.016661144016899308	0.17512322412293418	0.046990846208010605	0.03502050283726132	0.05035621090999461	0.039452429275566414	0.003976307832498032	0.06077330903367436	0.029345980201300585	0.0637037650664789	0.02425133579091248	0.05350412127738889
3	0.04587250963012053	0.0013668558174211986	0.15784078200720705	0.21198691132005137	0.006917118833616369	0.0861740463074183	0.01862858799652073	0.006099076336826409	0.04042579629706333	0.01696143809799942	0.002599097046763037	0.03622167916166177	0.1685685291803007	0.044785237957171854	0.016174460506150852	0.08621546618067348	0.033902166259371244	0.010707037236466056	0.0027958414447251793	0.00575736238247111
4	0.059292548564801394	0.0038002733711634843	0.0494035538251253	0.07341672534482044	0.04883403056786646	0.08069626806941971	0.040301536677297765	0.0674108437228182	0.05554405003520689	0.09681895373400157	0.01304726007538417	0.03590067514393406	0.06488423145425175	0.04477488298885805	0.031178809592842645	0.06331027627055462	0.04320092780516092	0.08417553742285548	0.011815018846042332	0.03219359648759475
5	0.03298057407944332	0.003116845462452885	0.02033715776829723	0.029542724599262726	0.05963426251915669	0.0248622789214265	0.015780971710226566	0.1246531085614878	0.01569813196371619	0.24224412873296608	0.027813444890858633	0.027088597108892845	0.07096259785445057	0.034689143851219816	0.007704096425464938	0.05787391790581121	0.06086650374849853	0.12034544174294827	0.004887545044112165	0.018918527109307047
6	0.05510914136602742	0.004794350329287992	0.02090668102555606	0.07091082301288158	0.054777782379985915	0.003914178022615251	0.05851592594126662	0.062347264217371495	0.020119703433707493	0.10758812078035042	0.02404423642463654	0.032058981899515386	0.12020047218655511	0.07178064035124053	0.019912604067431554	0.05227188004804705	0.06286501263306134	0.09474796007124218	0.023143354181336204	0.03999088762788386
7	0.07638860125088018	0.005146419251957089	0.00848071904899971	0.11328335335293874	0.036055999668641016	0.04963136312802883	0.038779356335169615	0.010241063662345192	0.0712007621256679	0.0739137638238827	0.014828314625357246	0.04417429482665783	0.028455452926314045	0.08929089176987118	0.05014911154371868	0.12323447790249761	0.0916621795137307	0.02608416518245454	0.003872758149360063	0.04512695191152715
8	0.07558091372240401	0.0034999792900633725	0.0	0.0	0.007372737439423435	0.0	0.0	0.09271838628173798	0.0	0.3726753096135526	0.022573830924077373	0.0	1.035496831379696e-05	0.0	0.0	0.0006212980988278176	0.006689309530712836	0.418247525162573	0.0	1.035496831379696e-05
