Position	A	C	D	E	F	G	H	I	K	L	M	N	P	Q	R	S	T	V	W	Y
0	0.11143715406224794	0.0022807554307011932	0.002503268155647651	0.027702834255834006	0.033780213055934136	0.08156482073818597	0.029580285372569744	0.033502072149751067	0.11494172948015464	0.07253914833254527	0.02510221678302228	0.0196089338859066	0.0004172113592746085	0.06376380274246933	0.10903123522376436	0.11740327649987484	0.05241565377019999	0.0569076294050566	0.009887909214808222	0.035629850082051565
1	0.0	0.0	0.03109615331126749	0.9684171001029122	0.0	0.0	0.0	0.0	0.0	0.0	0.0	0.0	0.0	0.0004867465858203766	0.0	0.0	0.0	0.0	0.0	0.0
2	0.0811337023336022	0.008066086279309099	0.035991433260089564	0.04697799905432092	0.06519622840931216	0.028384279475982533	0.03401663282618975	0.07007760131282507	0.08679386977442773	0.11659666787194392	0.03237560147970962	0.05209579172808945	0.014129558034100076	0.048201819041526435	0.05288849331071121	0.060078435735543625	0.04044168775901872	0.06605846521847968	0.016062637332072426	0.044433009762745806
3	0.05886852279364726	0.0038800656412538593	0.05828442689066281	0.12318860734848275	0.027355158123105166	0.05911884960921203	0.019622840931215753	0.03784107028620699	0.07295635969181988	0.10253664506438961	0.017467248908296942	0.0340305398714989	0.0757377687536506	0.06447306205323616	0.04624092565293578	0.07797680304842433	0.04829916835869051	0.047450838594832144	0.007050871971740884	0.017620226406697633
4	0.06579423135760576	0.0045197897254749255	0.03087364058632103	0.06675381748393737	0.042847606597502294	0.05445998943064557	0.032681556476511	0.059967179373070396	0.07895029622006508	0.11506689288793703	0.01827385753622785	0.03187494784858009	0.06387505910494257	0.050593830834700856	0.05586460100687008	0.06877033905376463	0.0507329012877924	0.07356826968542264	0.00826078491363725	0.026270408588991184
5	0.061190999360275916	0.005159513809695992	0.024198258837927294	0.056699023725419295	0.04094234139014825	0.048340889494617977	0.03218090284538147	0.060745973910383	0.07166300447806859	0.12085222373654493	0.019775818429616444	0.03643645870998248	0.06511278613745723	0.06493199454843823	0.059494339832559175	0.07202458765610659	0.053333518760604125	0.07678079715183712	0.008288599004255557	0.021847968180680334
6	0.0543904542040998	0.008636275136984397	0.022626762717992934	0.08125886574138459	0.04216616137735377	0.015353378021305594	0.04077545684643841	0.05434873306817234	0.06020359914332601	0.11680527355158123	0.021667176591661334	0.03699274052234862	0.06925708563958502	0.07077295357828275	0.057408283036186135	0.062067143214752596	0.05818707757349873	0.08298333935971963	0.010930937612994743	0.03316830306233138
7	0.09320501766194754	0.008385948321419631	0.01753678413484271	0.09680694239701833	0.02067977637471143	0.03461463577448335	0.0261452451812088	0.0415264372931327	0.0735821767307318	0.08775345590075932	0.016312964147637193	0.03272327761243846	0.03074847717853865	0.06900675882402024	0.051177926737685314	0.116513225600089	0.08298333935971963	0.07715628737518426	0.0018635440714265847	0.021277779323005036
8	0.03486496259004812	0.003087364058632103	0.0	0.0	0.0828442689066281	0.0	0.0	0.10618029093538786	0.0	0.5509275999221206	0.06935443495674909	0.0	0.0005145606764386839	0.0	0.0	5.562818123661447e-05	0.005298584262787528	0.14658025755847912	0.00011125636247322894	0.000180791589018997
