Position	A	C	D	E	F	G	H	I	K	L	M	N	P	Q	R	S	T	V	W	Y
0	0.05822178278065105	0.008290234256160633	0.018862184362640706	0.03534758138119866	0.04871463340432005	0.02726650441131731	0.02895877700030423	0.08048752662001825	0.08339671432917554	0.08141922725889869	0.022912229996957714	0.031506693033160935	0.03070809248554913	0.04152722847581381	0.07987906905993307	0.10379905689078187	0.06601764526924248	0.093721478551871	0.004772588986918162	0.054190751445086706
1	0.0008176148463644661	1.9014298752662e-05	0.0	0.0	0.21204745968968663	7.6057195010648e-05	0.003574688165500456	0.002719044721630666	0.0	0.019793885001521145	0.009469120778825677	5.7042896257986007e-05	0.0	0.006940219044721631	7.6057195010648e-05	0.0016922725889869181	0.0034225737754791604	0.0051718892607240646	0.07333815028901734	0.6607849102525098
2	0.05928658351080012	0.01157970794037116	0.03601308183754183	0.02669607544873745	0.057118953452996654	0.04987450562823243	0.028084119257681776	0.06230985701247338	0.0455392455126255	0.12458168542744144	0.028654548220261637	0.04259202920596288	0.110035746881655	0.0596478551871007	0.02289321569820505	0.08742774566473989	0.047992090051718894	0.047897018557955584	0.011522665044113173	0.04025327045938546
3	0.054114694250076055	0.004867660480681472	0.0710564344386979	0.09073623364770307	0.031107392759355035	0.058468968664435655	0.02791299056890782	0.03551871006997262	0.07244447824764223	0.0683564040158199	0.013310009126863401	0.044873745056282326	0.12062671128688773	0.052859750532400364	0.05076817766960755	0.0826171280803164	0.04803011864922422	0.04297231518101612	0.00929799209005172	0.020060085184058413
4	0.06438241557651354	0.008005019774870703	0.0391314268329784	0.057042896257986	0.04270611499847886	0.05559780955278369	0.030137663522969274	0.06837541831457256	0.060807727411013084	0.1010800121691512	0.020592485549132948	0.044208244599939155	0.06784301794949803	0.04124201399452388	0.04175540006084576	0.0758100091268634	0.0567957103742014	0.08037344082750228	0.011826893824155766	0.03228627928202008
5	0.05356327958624886	0.009944478247642228	0.02317843017949498	0.03348418010343779	0.06907894736842106	0.05131959233343474	0.03665956799513234	0.074707179799209	0.0423828719196836	0.11975205354426528	0.020934742926680863	0.03319896562214786	0.07782552479464558	0.043143443869790084	0.030137663522969274	0.07297687861271676	0.06677821721934896	0.08219881350775783	0.016466382719805293	0.04226878612716763
6	0.05095832065713417	0.006693033160937024	0.034587009431092185	0.07744523881959234	0.05346820809248555	0.017493154852449042	0.05753726802555522	0.0465850319440219	0.04025327045938546	0.10269622756312748	0.0210678430179495	0.04513994523881959	0.06936416184971098	0.0766656525707332	0.04224977182841497	0.06586553087922117	0.05181396410100395	0.06693033160937024	0.020250228171585033	0.052935807727411015
7	0.043238515363553394	0.011313507757833892	0.020117128080316397	0.06721554609066017	0.043713872832369945	0.027342561606327958	0.04500684514755096	0.03854198357164588	0.06974444782476422	0.13365150593246122	0.020269242470337692	0.047897018557955584	0.019033313051414664	0.0563964101003955	0.05890629753574688	0.09193413446912078	0.10452160024338303	0.05466610891390326	0.0058564040158198966	0.040633556434438695
8	0.0	0.0	0.0	0.0	0.41561454213568605	0.0	0.0	0.11893443869790082	0.0	0.29700334651658045	0.026867204137511407	0.0	0.0	0.0	0.0	0.0	0.0	0.03030879221174323	0.09661165196227563	0.014660024338302404
