Position	A	C	D	E	F	G	H	I	K	L	M	N	P	Q	R	S	T	V	W	Y
0	0.09780103623351644	0.008941412951186124	0.004349408237883172	0.01613266561541527	0.042800949591918075	0.05980003119097541	0.03593893500147291	0.05903758512537039	0.09809561766795474	0.08669358332322515	0.025178048484638445	0.02039543225493424	0.006792701311753799	0.049437696026616296	0.09638011402034345	0.1091510856192275	0.0539257308218822	0.0782893482818971	0.0062728517215685595	0.04458576651822073
1	0.03985513524753505	0.0026512329099447228	0.001386265573827306	0.004990556065778301	0.020360775615588557	0.00615155348385867	0.0006758044672408117	0.11041605295534491	0.0010570275000433209	0.3087040149716682	0.05626505397771578	0.005874300369093209	0.0006064911885494464	0.06955587516678507	0.0005198495901852397	0.09164948274965777	0.11944410750489524	0.15448196988338042	0.0010050425410247968	0.004349408237883172
2	0.08551525758547193	0.017103051517094386	0.056819560207246704	0.03888474934585593	0.07227642135542116	0.04619730024779497	0.03311441889479977	0.05330191131365991	0.04030567155902892	0.11776326049662965	0.028972950492990694	0.05097991647749918	0.019719627787693428	0.04928174114956073	0.028175847788039995	0.0898646658233551	0.03997643348524493	0.05063335008404235	0.0167738134433104	0.06434005094525984
3	0.06806563967492073	0.005545062295309224	0.07175657176523592	0.08619106205271275	0.033391672009565235	0.07496231090471157	0.02798523627163874	0.02919821864873763	0.06470394565838951	0.061255610043494085	0.013845327418600218	0.046127986969103606	0.09501117676618898	0.05141312446932021	0.04335545582144899	0.10019234434836854	0.05390840250220936	0.03864215287043615	0.010171723647957858	0.024276975861650694
4	0.0583271240187839	0.009339964303661474	0.042038503526313054	0.05624772565804294	0.04586806217401099	0.07610598000311909	0.03048051430452789	0.06165416139596943	0.048727234920029804	0.11708745602938883	0.020343447295915716	0.03439671455059003	0.06477325893708087	0.047791505657696375	0.03855551127207195	0.07544750385555113	0.05642100885477135	0.07487566930634737	0.013273492869396455	0.028245161066731358
5	0.06638479266665512	0.010345006844686271	0.02668561229617564	0.04365003725588729	0.04531355594448006	0.0626072189779757	0.02678958221421269	0.07225909303574832	0.033703581763676375	0.11918418270980263	0.02446758737805195	0.03580030844409018	0.07456375955223622	0.05245282364969069	0.030168604550416745	0.08636434524944116	0.06929595037169246	0.07997019529016271	0.01020638028730354	0.029787381517614238
6	0.052903359961184566	0.009686530697118301	0.024017051066558076	0.045781420575646777	0.06163683307629659	0.03663206778838656	0.03985513524753505	0.059470793117191424	0.03380755168171343	0.18409606820426624	0.03217868963246634	0.03157219844391689	0.056524978772808404	0.05321526971529571	0.03458732606699128	0.07262298774887799	0.052834046682493196	0.06498119877315496	0.015456861148174461	0.03813963159992376
7	0.04936838274792493	0.009391949262679998	0.02448491569772479	0.06492921381413644	0.05468817688748722	0.046751806477325894	0.03481259422273822	0.03755046873104715	0.0696078601258036	0.14961271205531199	0.020499402172971287	0.03931795733767696	0.021140550000866416	0.06213935434680899	0.06279783049437695	0.09171879602834913	0.06255523401895718	0.04689043303470863	0.004678646311667157	0.047063716231437035
8	0.0	0.0	0.0	0.0	0.007503162418340294	0.0	0.012580360082482802	0.0	0.0	0.0	0.00015595487705557192	0.0	0.0	0.0	0.0	0.0	0.0	0.0	3.4656639345682646e-05	0.9797258659827757
