Position	A	C	D	E	F	G	H	I	K	L	M	N	P	Q	R	S	T	V	W	Y
0	0.029013640223928452	0.003622372047073505	0.1156039308802884	0.2539646775395601	0.03766227013536232	0.0082846595143595	0.05040123403296532	0.011820371943081963	0.00376102743643517	0.032237378026587174	0.03565176698961818	0.06662391458828015	0.0005199577101062447	0.056606062706899836	0.004003674367818084	0.11964226909544691	0.10690330519784391	0.025321940482174118	0.004246321299200998	0.034109225782969654
1	0.16037228972043607	0.0003466384734041631	0.0	0.0	0.0	0.0029290951002651786	0.0	0.08969270499332721	0.0	0.0269858051545141	0.003657035894413921	0.0006932769468083262	0.001230566580584779	0.0006239492521274936	0.0	0.16567585836351978	0.2872246390626896	0.26056814045790944	0.0	0.0
2	0.14116851829384544	0.005979513666221814	0.00667279061303014	0.015026777822070472	0.09672946600343173	0.020469001854515834	0.028736329445205124	0.0881848276340191	0.03605040123403296	0.07213546631540635	0.031076139140683225	0.040036743678180844	0.03189073955318301	0.03142277761408739	0.012530980813560497	0.12407924155502019	0.05324366951487946	0.09718009601885713	0.01287761928696466	0.05450889994280465
3	0.07100889127684282	0.003466384734041631	0.08494375790769017	0.1039222143265681	0.03369325961488465	0.07669376224067109	0.02390072274121705	0.022427509229249354	0.048806697055306165	0.07135552975024698	0.009983188034039898	0.03757561051701128	0.10610603670901433	0.04603358926807286	0.0340052342409484	0.11068166455794928	0.050591885193337606	0.03267067611834237	0.00949789417127407	0.02263549231329185
4	0.0675598384664714	0.004055670138828709	0.035218468897862974	0.05348631644626237	0.03946479019706397	0.05582612614174047	0.022791479626323725	0.08686760143508328	0.036778342028181706	0.09789070488933567	0.01570272284520859	0.029568261781375116	0.10430351664731269	0.041405965648127284	0.026448515520737646	0.08997001577205054	0.05976047281487772	0.10510078513614227	0.009133923774199698	0.018666481792814184
5	0.06984765239093887	0.004367644764892455	0.028303031353449918	0.05341698875158154	0.0395167859680746	0.046761530062221605	0.02568591087924849	0.07000363970397075	0.04085134409068063	0.11026569838986429	0.022132866526855817	0.036778342028181706	0.07145952129226824	0.05331299720956029	0.040383382151585004	0.09069795656619928	0.07979617657763835	0.08913808343588055	0.00714075255212576	0.02013969530478188
6	0.08615699256460474	0.0070540929337747195	0.023190113870738514	0.062134946357696244	0.04690018545158327	0.02520061701648266	0.05516751304227256	0.06669324228296099	0.03053884950690677	0.10217169003587709	0.025564587413557032	0.035981073539352135	0.05010659133057178	0.04799209664280638	0.03258401649999133	0.0883754787943914	0.06612128880184412	0.09565488673587881	0.01655198710504879	0.03585975007366068
7	0.06381614295370643	0.008249995667019082	0.009705877255316568	0.08899942804651888	0.04130197410610604	0.060384422067005214	0.030157547186162193	0.021734232282441028	0.0707489124217897	0.11747577863667089	0.01889179680052689	0.04041804599892542	0.050817200201050315	0.08135604970795708	0.060973707471792295	0.09539490788082569	0.060661732845728546	0.032549352652650916	0.005615543269147443	0.040747352548659375
8	0.0	0.0	0.0	0.0	0.0	0.0	0.0004506300154254121	0.0	0.29190425845364576	0.0	0.0	0.0	0.0	0.0	0.7017695894067283	0.0	0.0	0.0	0.0	0.005875522124200565
