Position	A	C	D	E	F	G	H	I	K	L	M	N	P	Q	R	S	T	V	W	Y
0	0.1051939513477975	0.004183850337696492	0.0030880800111569343	0.048094355786663476	0.03293287908672524	0.0830195445580061	0.027713027713027714	0.033968880122726273	0.09770286693363617	0.07907477138246369	0.028151335843643537	0.022533022533022532	0.0014344629729245114	0.06937222321837706	0.09240332317255394	0.11425896041280657	0.05713944175482637	0.055625286394517165	0.011376088299165222	0.0327336481182635
1	0.0	0.0	0.000259000259000259	0.9989042296734605	0.0	0.0	0.0	0.0	0.0	0.0	0.0	0.0	0.0	0.0008367700675392983	0.0	0.0	0.0	0.0	0.0	0.0
2	0.09363855517701672	0.007530930607853685	0.0722212260673799	0.0934990934990935	0.04729743191281653	0.03450680373757297	0.028410336102643794	0.06078536847767617	0.05034566573028112	0.09704540473771243	0.02880879803956727	0.053174745482437794	0.021975175821329667	0.048154125077202	0.02922718307333692	0.07269938039168808	0.04966828043751121	0.0676787599864523	0.012412089335166259	0.03092064630526169
3	0.06538760384914231	0.0069332377024684715	0.06484968023429562	0.12449943219173988	0.02717510409818102	0.06925268463730003	0.01972386587771203	0.033072340764648454	0.06391329468252545	0.09204470742932282	0.016835016835016835	0.0343274958659574	0.0743529974299205	0.06279760125913972	0.041679118602195524	0.0839360070129301	0.04873189488574104	0.04468750622596777	0.008148546610085072	0.01765186380570996
4	0.07351622736238121	0.006136313828621521	0.04857251011097165	0.08254139023369793	0.03446695754388062	0.06757914450222142	0.027932181778335625	0.05311497619189927	0.057816827047596275	0.10282310282310282	0.01687486302870918	0.0384316538162692	0.07188253342099496	0.046181738489430794	0.03867073097842329	0.08138585061661985	0.05427051580897735	0.06953160799314645	0.0072719303488534255	0.02099894407586715
5	0.06889406889406889	0.0057179287948518715	0.038152730460422765	0.07317753471599625	0.03283326360249437	0.06315621700237085	0.027972027972027972	0.04833343294881756	0.06309644771183233	0.10160779391548622	0.018070248839479608	0.043093658478273865	0.06522821907437291	0.06526806526806526	0.052059052059052056	0.08365708365708366	0.056203056203056205	0.06588568127029666	0.007829777060546292	0.019763712071404378
6	0.06628414320722013	0.008307931384854462	0.03883011575319267	0.09820094435479051	0.035124419739804354	0.03207618592233977	0.03430757276911123	0.05203912896220589	0.04719781642858566	0.1069471838702608	0.019046480584942124	0.03946765485227024	0.062458908612754764	0.06698145159683622	0.0452652760345068	0.07319745781284243	0.05859382782459706	0.07969238738469507	0.009602932679855757	0.02637818022433407
7	0.0901520132289363	0.009124778355547586	0.02342956189110035	0.09537186460263383	0.025720718028410337	0.04102165640627179	0.025362102285179208	0.04735720120335505	0.06283744745283207	0.10035263881417728	0.017193632578247964	0.031677723985416295	0.03586157432311279	0.061781523319984856	0.046440738748431055	0.10449664295818142	0.0769430000199231	0.07813838583069352	0.0046022353714661405	0.022134560596099057
8	0.00011953858107704261	0.0	0.0	0.0	0.07461199768892077	0.0	0.0	0.10445679676448907	0.0	0.6617855079393541	0.0748112286573825	0.0	0.0	0.0	0.0	0.0	0.0	0.084155161078238	0.0	5.9769290538521305e-05
