Position	A	C	D	E	F	G	H	I	K	L	M	N	P	Q	R	S	T	V	W	Y
0	0.11575617356815714	0.0014353841068983427	0.0006138155720288966	0.015298172718258653	0.1210066575381274	0.05292978894187639	0.028962651683271164	0.04444969073138486	0.08497096180178479	0.06896454034656972	0.023088908824779264	0.019906511166721753	9.443316492752255e-05	0.03862316445535672	0.0542518532508617	0.13381179470229945	0.054119646819963174	0.055640020775296284	0.005835969592520893	0.08023986023891591
1	0.03280608149582133	0.0001699796968695406	0.0	0.00034940271023183343	0.00039661929269559467	0.0004532791916521082	0.0	0.09923981302233344	2.8329949478256763e-05	0.3778365361915105	0.04437414419944284	6.610321544926578e-05	0.0	0.16658010293214978	0.0	0.02198404079512725	0.0720525048396997	0.18365361915104586	0.0	9.443316492752254e-06
2	0.1510080740356013	0.0033334907219415458	0.0489919259643987	0.015694792010954247	0.07032437792152604	0.02069030643562019	0.02501534538930072	0.07939940507106096	0.04328816280277634	0.08248736956419095	0.036791161055762786	0.049209122243732	0.06800132206430899	0.03949194957268993	0.01081259738420133	0.09943812266868124	0.03597903583738609	0.06374238632607772	0.009518863024694273	0.04678218990509467
3	0.044789650125123946	0.0009821049152462344	0.16957363426035224	0.22171018461683745	0.006525331696491808	0.0831672883516691	0.016809103357099012	0.0049105245762311725	0.04095566362906653	0.013598375749563246	0.002153076160347514	0.031144057793096935	0.17024410973133763	0.0437697719439067	0.01566646206147599	0.08485764200387176	0.031106284527125928	0.0092166768969262	0.002851881580811181	0.005968176023419425
4	0.06088106142877379	0.003305160772463289	0.046640540157703386	0.07192029840880117	0.04674441663912366	0.07787903111572785	0.04482742339109495	0.07589593465224986	0.06141933046886067	0.10330988243070967	0.0127768072146938	0.03233391567118372	0.06383681949100524	0.043118183105906795	0.0320411728599084	0.05983285329807828	0.03658340809292224	0.09041975541810283	0.007667972992114831	0.02856603239057557
5	0.03379762972756032	0.003777326597100902	0.019745974786344964	0.03313659757306766	0.05692431181831059	0.024864252325416687	0.017234052599272864	0.11733320742244677	0.017536238727040937	0.22594079040559045	0.028150526464894472	0.02918929127909722	0.06884177723216393	0.04054960101987818	0.011095896878983899	0.06189149629349828	0.06799187874781623	0.11721044430804098	0.00435336890315879	0.02043533689031588
6	0.06912507672694651	0.0043911421691297985	0.030974078096227396	0.10207280797015912	0.03813211199773361	0.0067236413428396055	0.06549884319372964	0.048491430190282826	0.023447754851503848	0.07472496340714858	0.019897067850229	0.04209830492468955	0.08268567921053874	0.08559422069030644	0.023721611029793664	0.07309126965390245	0.07099485339251145	0.08598139666650928	0.017243495915765617	0.03511025072005288
7	0.07410170451862694	0.003975636243448699	0.007025827470607677	0.11891024127673638	0.034298125501676185	0.047972047783181454	0.04223995467208083	0.009868265734926105	0.07550875867604703	0.07485716983804712	0.014136644789650125	0.04410973133764578	0.02232400018886633	0.09310165730204448	0.054421832947731244	0.12332971339534445	0.08783228669908873	0.02503423202228623	0.0033901506208980593	0.04356201898106615
8	0.060238915907266634	0.0017092402851881581	0.0	0.0	0.008310118513621984	0.0	0.0	0.07953161150195949	0.0	0.48006988054204636	0.023778270928750178	0.0	9.443316492752254e-06	0.0	0.0	0.0003116294442608244	0.003918976344492186	0.3420841399499504	9.443316492752254e-06	2.8329949478256763e-05
