Position	A	C	D	E	F	G	H	I	K	L	M	N	P	Q	R	S	T	V	W	Y
0	0.03134328358208955	0.004741915422885572	0.15286069651741294	0.2980254975124378	0.0570273631840796	0.009390547263681591	0.04466728855721393	0.009872512437810945	0.005550373134328358	0.024735696517412937	0.026958955223880598	0.04754353233830846	0.0009794776119402984	0.045366915422885574	0.003995646766169154	0.09124689054726368	0.06923196517412936	0.020133706467661692	0.006623134328358209	0.04970460199004975
1	0.09519589552238807	0.0015080845771144279	0.0004664179104477612	0.0006374378109452736	0.0030161691542288558	0.0014614427860696517	0.0	0.13566542288557215	3.109452736318408e-05	0.09281716417910447	0.013168532338308458	0.0036691542288557213	0.011707089552238805	0.007664800995024875	1.554726368159204e-05	0.0790889303482587	0.2361629353233831	0.31693097014925375	0.0	0.000792910447761194
2	0.11518967661691543	0.004757462686567164	0.012375621890547264	0.013992537313432836	0.08364427860696518	0.01181592039800995	0.030146144278606964	0.11242226368159204	0.06697761194029851	0.054493159203980096	0.03208955223880597	0.04088930348258706	0.06770833333333333	0.023818407960199003	0.03518345771144279	0.07699004975124378	0.040531716417910445	0.10909514925373134	0.007182835820895522	0.06069651741293532
3	0.05786691542288557	0.004586442786069652	0.11876554726368159	0.14264614427860697	0.024129353233830846	0.09311256218905473	0.021921641791044777	0.0162157960199005	0.05427549751243781	0.038479477611940295	0.00884639303482587	0.04311256218905472	0.10376243781094527	0.05570584577114428	0.029850746268656716	0.0937655472636816	0.043003731343283585	0.02332089552238806	0.006560945273631841	0.020071517412935322
4	0.06301305970149254	0.004928482587064677	0.03773320895522388	0.052300995024875625	0.04312810945273632	0.0650186567164179	0.04298818407960199	0.0681747512437811	0.05662313432835821	0.08666044776119403	0.014614427860696517	0.04171330845771144	0.07905783582089553	0.04673507462686567	0.047683457711442785	0.07083333333333333	0.055892412935323384	0.08392412935323383	0.012142412935323383	0.02683457711442786
5	0.05548818407960199	0.005550373134328358	0.018081467661691542	0.02437810945273632	0.05782027363184079	0.050171019900497514	0.021890547263681594	0.10304726368159203	0.02515547263681592	0.15287624378109452	0.03880597014925373	0.028093905472636817	0.047154850746268656	0.03760883084577114	0.029135572139303484	0.07495335820895523	0.07842039800995025	0.10853544776119403	0.009110696517412935	0.033722014925373134
6	0.08462375621890547	0.008395522388059701	0.023212064676616916	0.049689054726368156	0.026694651741293533	0.05121268656716418	0.04328358208955224	0.045693407960199	0.04499378109452736	0.0970615671641791	0.024797885572139303	0.040733830845771146	0.06097636815920398	0.06515858208955223	0.04684390547263682	0.11606032338308457	0.06654228855721393	0.06837686567164179	0.01013681592039801	0.02551305970149254
7	0.08081467661691542	0.006125621890547264	0.015500621890547264	0.07772077114427861	0.03544776119402985	0.058722014925373135	0.034375	0.02431592039800995	0.07583955223880597	0.09154228855721393	0.018936567164179106	0.04233519900497512	0.033317786069651745	0.06691542288557215	0.05825559701492537	0.12577736318407962	0.07027363184079602	0.04085820895522388	0.004182213930348259	0.03874378109452736
8	0.0008240049751243781	0.0	0.0	0.0	0.25279850746268656	0.0	0.01273320895522388	0.007493781094527363	0.0	0.10478855721393035	0.08997201492537313	0.0	0.0	0.00010883084577114428	0.00043532338308457713	0.0	0.00013992537313432837	0.01845460199004975	0.010727611940298507	0.5015236318407961
