Position	A	C	D	E	F	G	H	I	K	L	M	N	P	Q	R	S	T	V	W	Y
0	0.12984808328569697	0.005716364392246531	0.025394515754646713	0.15285211938540422	0.013407472847269137	0.05541408997211107	0.020942680455230473	0.016993192329678324	0.07500562975281054	0.04015312927644685	0.024424466039598816	0.030989623932512256	0.005040794054981032	0.09371373140016283	0.05515425522700895	0.1337456044622287	0.06061078487415337	0.03809177363197007	0.004573091513797225	0.01792859741204594
1	0.0	0.0	0.02645117705139531	0.9675899461275962	0.0	0.0	0.0	0.0	0.0	0.0	0.0	0.0	0.0	0.005958876821008505	0.0	0.0	0.0	0.0	0.0	0.0
2	0.09237991304197198	0.011172894039390948	0.05283306483743006	0.07060576140241473	0.03847286459145317	0.04228377418628419	0.02707478043964039	0.064005958876821	0.07157581111746263	0.09548060766685722	0.03675795527377921	0.0742261255175042	0.015434183859065633	0.05638413968715897	0.03370922759791439	0.07583710093713732	0.04373884875885604	0.06014308233296956	0.010531968334805731	0.027351937501082644
3	0.06215247102842592	0.005854942922967659	0.06968767863638725	0.12463406606731452	0.02487484626444248	0.06156351227286113	0.02066552339378822	0.035458781548268634	0.0705884390860746	0.08886348282492335	0.01553811775710648	0.03762407109078626	0.07644338200904224	0.06490671932650834	0.046874188016421556	0.08162275459474441	0.04666632022033986	0.04410261740199899	0.006634447158274004	0.015243638379324083
4	0.05972734674080618	0.008124166363526131	0.04231841881896447	0.07053647213705416	0.038230352162691196	0.051516568795579344	0.030591210656689013	0.058254949851894194	0.07801971279599508	0.1053196833480573	0.01567669628782761	0.032895078729927765	0.06811134784943443	0.0490048329262589	0.06114777668069774	0.07628748116198097	0.0508236761419737	0.07086559614751685	0.008661158170070501	0.023887474233054443
5	0.06821528174747528	0.006998215801416965	0.02535987112196643	0.05200159365310329	0.034575343414921446	0.058081726688492784	0.029898318003083374	0.05820298290287377	0.08008106844047186	0.10022692234405585	0.019522250515338912	0.03559736007898976	0.0635382563356372	0.06634447158274004	0.06395399192780059	0.07881653934764157	0.05194962670408287	0.07297891874101405	0.010237488957023333	0.023419771691870636
6	0.0508236761419737	0.008418645741308527	0.02257097819120373	0.0688215628193802	0.03261792166848551	0.024788234682741776	0.04548840270921028	0.04493408858632576	0.10516378250099603	0.10143948448786572	0.01808449825910721	0.036134351885534134	0.053092899582532174	0.08099915120649934	0.08920992915172617	0.06972232326906753	0.048883576711877916	0.06121706594605831	0.010687869181867	0.02690155727623898
7	0.0645949176323858	0.013667307592371251	0.025307904172946007	0.08752966446673249	0.03150929342271649	0.048952865977238476	0.03677527759011935	0.03268721093384607	0.09215472292955014	0.10046943477281782	0.01688925843163748	0.03791855046856866	0.02052694486306709	0.06849243880891753	0.07174903428086404	0.09852933534272203	0.06688146338928441	0.04883160976285749	0.007517885291621195	0.029014879869736183
8	0.00022519011242183305	1.7322316340141004e-05	0.0	0.0	0.2395329903514698	0.0	0.0006928926536056402	0.07507491901817111	0.0	0.2535467442706439	0.04869303123213636	0.0	1.7322316340141004e-05	0.0	0.0	0.0	1.7322316340141004e-05	0.028581821961232656	0.14852154030036896	0.20507890315092933
