Position	A	C	D	E	F	G	H	I	K	L	M	N	P	Q	R	S	T	V	W	Y
0	0.13783629893238433	0.0033167259786476867	1.4234875444839857e-05	0.0013665480427046263	0.011288256227758007	0.06071174377224199	0.02691814946619217	0.039729537366548044	0.17026334519572953	0.0442135231316726	0.019202846975088967	0.008128113879003558	0.00035587188612099647	0.03766548042704626	0.14536654804270463	0.15440569395017795	0.05806405693950178	0.06508185053380783	0.0006263345195729538	0.015444839857651245
1	0.02881138790035587	5.693950177935943e-05	0.0	0.0	0.0002277580071174377	0.0011245551601423488	0.0	0.11891814946619217	0.0	0.3251245551601423	0.05568683274021352	4.270462633451957e-05	0.0	0.025523131672597864	0.0	0.09508896797153026	0.16337366548042703	0.18602135231316727	0.0	0.0
2	0.09480427046263346	0.009423487544483985	0.038889679715302494	0.02306049822064057	0.07987188612099644	0.04204982206405694	0.025466192170818504	0.05231316725978648	0.037622775800711744	0.12720284697508896	0.03699644128113879	0.06059786476868327	0.01994306049822064	0.05793594306049822	0.017352313167259787	0.11306761565836299	0.03328113879003559	0.04046975088967972	0.01995729537366548	0.06969395017793595
3	0.06801423487544483	0.003501779359430605	0.07414946619217082	0.09336654804270463	0.02804270462633452	0.06502491103202847	0.02693238434163701	0.022590747330960854	0.0733238434163701	0.05518861209964413	0.01004982206405694	0.048427046263345194	0.11007829181494662	0.04869750889679715	0.046348754448398574	0.11508896797153025	0.0542491103202847	0.029651245551601424	0.008768683274021352	0.018505338078291814
4	0.05961565836298932	0.007345195729537367	0.029765124555160144	0.05602846975088968	0.04630604982206406	0.05975800711743772	0.028498220640569394	0.06334519572953737	0.06112455516014235	0.08727402135231317	0.015074733096085409	0.02804270462633452	0.11274021352313167	0.039587188612099644	0.032284697508896794	0.09938790035587189	0.05894661921708185	0.07565836298932384	0.012597864768683274	0.026619217081850534
5	0.064	0.004469750889679715	0.01705338078291815	0.041323843416370104	0.04193594306049822	0.04361565836298932	0.02482562277580071	0.07319572953736654	0.044526690391459074	0.1260355871886121	0.023459074733096084	0.036327402135231314	0.08550889679715303	0.056483985765124554	0.03305338078291815	0.09258362989323843	0.0762846975088968	0.08520996441281138	0.00794306049822064	0.022163701067615657
6	0.058277580071174374	0.007231316725978648	0.01298220640569395	0.0377508896797153	0.062263345195729534	0.015402135231316725	0.037850533807829184	0.07994306049822064	0.02997864768683274	0.176355871886121	0.03498932384341637	0.028669039145907474	0.06186476868327402	0.042306049822064054	0.02787188612099644	0.07644128113879003	0.06548042704626335	0.0942491103202847	0.016241992882562277	0.03385053380782918
7	0.053822064056939505	0.008839857651245552	0.01002135231316726	0.08644839857651246	0.043829181494661924	0.05217081850533808	0.028669039145907474	0.021679715302491104	0.07820640569395018	0.12486832740213523	0.019686832740213524	0.04355871886120997	0.052355871886120994	0.07762277580071174	0.05894661921708185	0.09554448398576512	0.061708185053380785	0.03182918149466192	0.006818505338078292	0.043373665480427044
8	0.0	0.0	0.0	0.0	0.0	0.0	0.0012526690391459075	0.0	0.8332099644128114	0.0	0.0	0.0	0.0	0.0	0.15162989323843418	0.0	0.0	0.0	0.0	0.01390747330960854
