Position	A	C	D	E	F	G	H	I	K	L	M	N	P	Q	R	S	T	V	W	Y
0	0.06617810967454302	0.014043691484618814	0.03778421756576014	0.059407044137316095	0.07406375390102542	0.033576683013820774	0.033576683013820774	0.05060187249219795	0.03340949621043246	0.1036836825679893	0.029647793134195275	0.03647458760588498	0.02301604993312528	0.044053722692822116	0.03262929112795363	0.10903366027641552	0.06910387873383861	0.06662394115024521	0.012734061524743647	0.070357779759251
1	0.08292465448060633	0.006882523406152474	0.006743201069995541	0.0031486847971466786	0.004514043691484618	0.01680227374052608	2.7864467231386535e-05	0.0378678109674543	0.0	0.11767164511814535	0.021762148907712886	0.008220017833259027	0.007579135086937138	0.015659830584039233	0.0	0.3118869817209095	0.2799543022737405	0.07746321890325457	0.00011145786892554614	0.000780205082478823
2	0.07590280873829693	0.009780427998216674	0.28901025412394116	0.18312527864467232	0.022793134195274185	0.036530316540347746	0.01239968791796701	0.015882746321890327	0.008052831029870708	0.03329803834150691	0.011006464556397682	0.0455305394560856	0.02477151136870263	0.04402585822559073	0.004291127953633527	0.10117588051716452	0.03717119928666964	0.021929335711101203	0.004346856888096299	0.01897570218457423
3	0.05291462327240303	0.007941373160945163	0.09078243423985734	0.10006130182790905	0.030706642888987962	0.06411613909942042	0.025356665180561747	0.032935800267498885	0.052245876058849755	0.06673539901917075	0.017415292019616585	0.04419304502897905	0.10404592064199733	0.043134195274186354	0.03845296477931342	0.10025635309852876	0.05427998216674097	0.04318992420864913	0.006798930004458315	0.024437137761925992
4	0.056425546143557735	0.009473918858671422	0.06247213553276861	0.07907935800267499	0.03903811859117254	0.06835153811859117	0.03226705305394561	0.04873495318769505	0.045892777530093624	0.08977931341952741	0.018279090503789567	0.04277195720017833	0.06612238074008026	0.05355550601872492	0.036084485064645566	0.09588163174320107	0.05832032991529202	0.059407044137316095	0.009362460989745877	0.028700401248328133
5	0.063726036558181	0.010560633080695497	0.047425323227819886	0.05667632634864021	0.03499777084262149	0.07261480160499331	0.027780873829692375	0.051660722246990635	0.03678109674543023	0.08398350423539902	0.02059184128399465	0.04483392777530094	0.07668301382077575	0.05667632634864021	0.03240637539010254	0.10421310744538564	0.07813196611680785	0.06408827463218904	0.007551270619705751	0.028616807846633972
6	0.05299821667409719	0.011842398573339278	0.05767944716897013	0.0672648238965671	0.0420196165849309	0.04522403031654035	0.042103209986625055	0.04564199732501115	0.028366027641551494	0.15386758805171646	0.026220463664734732	0.039483950066874725	0.04684016941596077	0.06177552385198395	0.024492866696388765	0.09094962104324565	0.058041685242978154	0.05631408827463219	0.0130405706642889	0.03583370485956309
7	0.04714667855550602	0.016161390994204192	0.03031654034774855	0.0767666072224699	0.05570106999554168	0.03739411502452073	0.03204413731609452	0.037700624164065985	0.06113464110566206	0.1583259028087383	0.02340615247436469	0.031793357111012034	0.022068658047258136	0.056815648684797146	0.06010365581810076	0.0867142220240749	0.0585711101203745	0.05021176995095854	0.006548149799375836	0.05107556843513152
8	0.0010867142220240748	0.0	0.0	0.0	0.04578131966116808	0.0	0.007997102095407936	0.001560410164957646	0.0015325456977262595	0.009278867588051716	0.010142666072224698	0.0	0.0	0.00013932233615693269	0.00016718680338831922	0.0	0.00011145786892554614	0.006297369594293357	0.0014489522960321	0.9144560855996433
