Position	A	C	D	E	F	G	H	I	K	L	M	N	P	Q	R	S	T	V	W	Y
0	0.10104890906907955	0.001484408255929447	0.02038878398585446	0.06547768475971141	0.02627184317663367	0.039369563081893495	0.02331394143136249	0.0430041803556031	0.08932644975387201	0.06215959571704559	0.02316113469913446	0.03043036924655366	0.0005675678625612591	0.0683155240725177	0.08135867014483895	0.1426232550016918	0.06756240517796527	0.07443870812822667	0.004922559731060152	0.03477444634846484
1	0.0	0.0	0.2188628996168917	0.7564369835951058	0.0	0.0	0.0	0.0	2.1829533175433044e-05	0.0	1.0914766587716522e-05	0.00017463626540346436	1.0914766587716522e-05	0.024481821456248158	0.0	0.0	0.0	0.0	0.0	0.0
2	0.07406760606424431	0.0049334744976478676	0.07210294807845534	0.06888309193507897	0.06391687313766795	0.02242984533775745	0.03094336327617634	0.06529213372772023	0.07021469345878038	0.1194512055359696	0.033333697158886254	0.0490182167454349	0.03801613202501664	0.057127888320108275	0.028192842096071775	0.059823835667274256	0.034163219419552714	0.048734432814154266	0.012344601010707387	0.04700989969329506
3	0.04860345561510167	0.0020192318187275565	0.06809722874076338	0.14317990809766534	0.022025998974011942	0.04095220423711239	0.019417369759547692	0.03700105873235901	0.07468974775974416	0.09911699538305373	0.016699592879206276	0.033431930058175706	0.08428382759034699	0.06461541819928181	0.047293683624575686	0.07976511422303234	0.05223807288881127	0.04804680251912813	0.003558213907595586	0.01496414499175935
4	0.05049171023477663	0.0015826411552188955	0.02297558366714328	0.06339296434145755	0.051441294927907964	0.04150885733308593	0.04210916949541034	0.05547975856536308	0.11307698184874317	0.10856918324801625	0.016415808947925648	0.0364007465700346	0.054672065837872055	0.050120608170794265	0.08862790469225816	0.06203953328458071	0.043451685785699475	0.06171209028694921	0.006788984817559677	0.02914242678920311
5	0.062334231982449056	0.004584201966840939	0.019897619489407218	0.05262008971938135	0.055567076698064814	0.040581102173130025	0.037033803032122156	0.06426614566847488	0.07255045350855172	0.11981139283336426	0.01681965531167116	0.03184928890295681	0.060184022964668904	0.06441895240070292	0.054060838908959935	0.07299795893864809	0.05546884379877536	0.0765670876128314	0.008120586341261091	0.030266647747737914
6	0.05733526888527489	0.005675678625612591	0.024700116788002487	0.08666324670646919	0.03489450878092972	0.0101070738602255	0.04628952509850577	0.05282747028454796	0.05457383293858261	0.1161331164933038	0.021130988113819187	0.03982798327857759	0.060664272694528426	0.0811185452799092	0.05386437311038104	0.06776978574313189	0.06329473144216811	0.0823737434374966	0.010183477226339515	0.030572261212193978
7	0.07574848011875267	0.006636178085331645	0.01223545334483022	0.09547146334275641	0.0238487649941606	0.03268972593021098	0.03564762767548216	0.031270806273807836	0.07911022822776935	0.1033846691188509	0.017310819808118404	0.03879108045274452	0.014582128161189273	0.0745915148604547	0.06551042905947456	0.11746471801700521	0.08838777982732839	0.05936541547059016	0.0015935559218066121	0.0263591613093354
8	0.0016263002215697617	0.00016372149881574782	0.0	0.0	0.15206452810006657	0.0	0.0	0.09940077931433436	0.0	0.5707004005719337	0.060074875298791734	0.0	0.0	0.0	0.0	0.0	6.548859952629914e-05	0.11028280160228773	0.002805095013043146	0.0028160097796308624
