Position	A	C	D	E	F	G	H	I	K	L	M	N	P	Q	R	S	T	V	W	Y
0	0.043236272313853255	0.0030883051652752323	0.08936853774972285	0.11777415778637526	0.07273920224439467	0.010950473992624268	0.047410574899884615	0.03876784542636711	0.027568497024819567	0.09251340528066246	0.03853028349057671	0.05633611620172402	0.002737618498156067	0.051426502862055704	0.03305504649426458	0.10242313174506211	0.05483155727505147	0.04950338242946673	0.00980791420620376	0.05793117491345958
1	0.09753614335165954	0.004400552048688884	0.001934432905721849	0.008665354419783253	0.03899409488902464	0.03745559854295346	0.0031561800040724904	0.06672096653770447	0.015826149912893956	0.25930450915179076	0.05098531640987353	0.018518518518518517	0.21018575080884183	0.03890359510396163	0.013495780447521437	0.03401660671055906	0.017749270345482928	0.06620059277359217	0.004660738930745039	0.011289848186610557
2	0.044921830810651826	0.002047557637050612	0.02777212154121134	0.025724563904160728	0.038869657684563	0.01952532862734451	0.04606439059707233	0.03842847123238082	0.23615918912192582	0.10057919862440327	0.030600239824430418	0.03711622434896717	0.01912939206769384	0.049673069526459876	0.152277200841648	0.04268196113034232	0.01850720604538564	0.027206497884567523	0.00738704495576823	0.03532885359397271
3	0.0466073893074504	0.0038914907577094504	0.0401592796217109	0.11149573519762891	0.017704020452951424	0.03305504649426458	0.020758388198828026	0.04061177854702595	0.10690287110568113	0.11192560917667821	0.02277200841648001	0.027873933799407228	0.08353130161315866	0.07202651643702346	0.08005837236136565	0.06607615556913052	0.044650331455462794	0.051211565872531055	0.0052150501142559785	0.013473155501255685
4	0.009649539582343492	0.00042987397904929974	0.0023190569922396436	0.014197153781759769	0.011810221950722868	0.010893911626959886	0.06708296567795652	0.019163329487092467	0.3351546415077264	0.038948844996493134	0.005769361297766918	0.013382655716192675	0.01799814475440621	0.03636960112219734	0.35078847937736146	0.018009457227539084	0.011538722595533835	0.01845064367972126	0.0014140591416095386	0.016629335505328174
5	0.051675377270978984	0.00643679721260662	0.011414285391072197	0.03639222606846309	0.056211678997262385	0.03178804950338243	0.05242200049774882	0.07385913708454943	0.08674404398289554	0.10997986379782348	0.016086336794950112	0.02676531143238535	0.06877983664788796	0.04500101812258196	0.08193624290142311	0.0638928482544854	0.057863300074662324	0.08486617344283807	0.006334984954410734	0.031550487567592024
6	0.05771623792393493	0.009230978076427069	0.013563655286318695	0.05450349555419806	0.02425394239688681	0.012884906898346116	0.058440236204439014	0.048949071245955794	0.06833865019570579	0.12055702617706283	0.02615443788321003	0.03641485101472884	0.05365506006923233	0.08814679065137221	0.0598316703997828	0.076642005475237	0.06557840675128397	0.07829362655263694	0.01394827937283649	0.032896671870404307
7	0.13341930812914318	0.011753659585058486	0.016697210344125434	0.10168782099142515	0.01373334238331184	0.017907644969343196	0.02550962691463608	0.026505124550329193	0.0541980587796104	0.04569107898368741	0.011108848616484536	0.02664087422792371	0.032410235525690625	0.06941333514332904	0.03701441209077128	0.19292291680807258	0.09391615194913912	0.0708160818118057	0.002047557637050612	0.01660671055906242
8	0.019050204755763706	0.002884680648883459	0.0	0.0	0.07896106246747664	0.0	0.0	0.062478789112875854	0.0	0.6818027557184552	0.06514853277223466	0.0	2.262494626575262e-05	0.0	0.0	5.6562365664381544e-05	0.001719495916197199	0.08678929387542704	0.00045249892531505235	0.0006334984954410733
