Position	A	C	D	E	F	G	H	I	K	L	M	N	P	Q	R	S	T	V	W	Y
0	0.10043761449216365	0.0021880724608182374	0.0009057602279666191	0.011408508039894159	0.12825157744758803	0.047313250559739464	0.025412171789130876	0.05481375941380012	0.08762466924486058	0.07848565031548951	0.022979849379198045	0.021758599633625076	0.0005597394667209444	0.0335029513535518	0.05700183187461836	0.12069000610624873	0.051150010177081214	0.06390189293710564	0.005943415428455119	0.08567066965194382
1	0.027182983920211682	0.00025442703032770204	1.0177081213108081e-05	0.00023407286790148586	0.00413189497252188	0.0007429269285568899	0.0	0.10059027071036027	5.08854060655404e-05	0.44728271931610014	0.05312436393242418	4.0708324852432325e-05	3.053124363932424e-05	0.13353348259719114	1.0177081213108081e-05	0.01659881945857928	0.05439649908406269	0.16062487278648482	0.00034602076124567473	0.0008141664970486464
2	0.0890392835334826	0.003633217993079585	0.10105841644616324	0.016405454915530224	0.07119886016690413	0.01992672501526562	0.01654793405251374	0.0816201913291268	0.014939955220842663	0.1658762466924486	0.043435782617545285	0.03219010787706086	0.08559943008345207	0.038326887848565035	0.003653572155505801	0.05682882149399552	0.0292184001628333	0.05740891512314268	0.024404640749033178	0.04868715652350906
3	0.04714024017911663	0.001648687156523509	0.14947079177691838	0.19985752086301647	0.008111133726847141	0.08631182576836963	0.01929574598005292	0.0077244046407490335	0.03934459596987584	0.02114797476083859	0.003450030531243639	0.03629147160594341	0.1746794219417871	0.044545084469774066	0.0161204966415632	0.08668837777325462	0.03468349277427234	0.01303684103399145	0.003673926317932017	0.006777936087929982
4	0.05933238347242011	0.004538978221046204	0.044677386525544475	0.06807449623447995	0.05227966619173621	0.07460818237329533	0.039151231426826784	0.07036433950742926	0.05359250966822715	0.10312436393242418	0.013932424180744963	0.035833502951353555	0.07163647465906778	0.04036230409118665	0.030419295745980054	0.06207001831874619	0.04492163647465907	0.08603704457561571	0.012019132912680643	0.03302462853653572
5	0.033787909627518826	0.004091186647669449	0.01978424587828211	0.03011398330958681	0.06604925707307144	0.025310400976999797	0.017565642173824548	0.11949928760431508	0.016507225727661307	0.2340118054142072	0.02710156727050682	0.02710156727050682	0.07137187054752697	0.03524323224099328	0.008833706492977813	0.0570527172806839	0.06092000814166497	0.11748422552411968	0.0060451862405861995	0.022124974557296968
6	0.05594341542845512	0.004854467738652554	0.020069204152249134	0.06946875636067576	0.05695094646855282	0.0041827803785874215	0.05845715448809281	0.061917362100549565	0.018847954406676165	0.10796865458986363	0.02400773458172196	0.0327498473437818	0.11880724608182373	0.07025239161408509	0.019865662527986973	0.05127213515163851	0.061846122532057804	0.09503358436800326	0.025106859352737636	0.042397720333808266
7	0.0758192550376552	0.00556686342357012	0.008039894158355383	0.10727661306737228	0.038876450234072865	0.049379198046000404	0.03985345003053124	0.010991247710156728	0.06743334011805414	0.08015469163443924	0.015204559332383473	0.04418888662731529	0.02910645226948911	0.08406269082027275	0.048208833706492975	0.12385507836352534	0.09338489721147974	0.027559535925096683	0.0041115408100956645	0.04692652147364136
8	0.04255037655200489	0.004142072053734989	0.0	0.0	0.015550580093629147	0.0	0.0	0.08911052310197436	0.0	0.4410339914512518	0.025961734174638713	0.0	1.0177081213108081e-05	0.0	0.0	0.00028495827396702623	0.004101363728882556	0.37713209851414614	3.053124363932424e-05	9.159373091797273e-05
