Position	A	C	D	E	F	G	H	I	K	L	M	N	P	Q	R	S	T	V	W	Y
0	0.06350913397956663	0.00661250708482902	0.015346829629844932	0.023310904096847797	0.11342992922437471	0.020258977750003633	0.037713089857431444	0.07555697655829906	0.04630208257640716	0.09104913601418418	0.024182883053088987	0.03694284177941839	0.006409045328372742	0.026973215713060793	0.04544463660276998	0.11196209798136872	0.06208490168437268	0.08920344722347368	0.009242976936156607	0.09446438692612885
1	0.06079146623261492	0.0035605807379848566	0.0007411821128050109	0.007135694458573733	0.18142975482858348	0.016829193855454956	0.01733784824659565	0.030737258207501925	0.004141900042145649	0.1500821113517127	0.03018500486854917	0.0049121481201587006	0.13163975642721157	0.032641078928628525	0.015056169977764537	0.041520731299684636	0.03156563821593106	0.052609397026551756	0.04939760787106338	0.1376854771904838
2	0.02047697248906393	0.00047958842593265414	0.6401778837070732	0.1329186588963653	0.006089319711084306	0.00488308215495066	0.004752285311514482	0.006089319711084306	0.0022671452862270923	0.01310875030882588	0.003778575477045154	0.025737912191719108	0.057158220581609964	0.02290398058393524	0.001075440712697467	0.03429783894548678	0.00976616430990132	0.0038221744248572134	0.0020055515993547355	0.0082111351712712
3	0.042625237977590144	0.003938438285689372	0.11348806115479079	0.1318141522184598	0.020302576697815693	0.06266622098853347	0.021915737766861895	0.029007833277623567	0.04278510078623436	0.058044732520455174	0.011379325378947522	0.037466029153163105	0.1748608466915665	0.04197125376040925	0.023674228661948293	0.07855077097472714	0.04689793486317197	0.03525701579735209	0.0069612986673254955	0.01639320437733436
4	0.0651804269790289	0.0070484965629496145	0.03451583368454708	0.05522533389527533	0.03912278917002136	0.06243369326686916	0.04426746501184438	0.053742969669665304	0.06284061677978171	0.08256187417343662	0.014489383656207763	0.04077954918687962	0.09719658765568458	0.04345361798601927	0.043904140446743886	0.09117993285762037	0.05913470621575666	0.0700925750991876	0.006699704980453139	0.02613030272202764
5	0.05832085918993155	0.007251958319405892	0.03015593890334113	0.04784257873243326	0.0376113589792033	0.06305861151884201	0.03897745934398116	0.06038454271970237	0.04518304291589763	0.08301239663416123	0.0162042756034821	0.04367161272507957	0.10744234039151855	0.05275472685259196	0.0345303666671511	0.0880553415977561	0.07762066008806988	0.07698120885349301	0.006031187780668227	0.024909532183289975
6	0.05577758723422808	0.007135694458573733	0.02710401255649697	0.05490560827798689	0.02546178552224273	0.02303477742737142	0.05166475315729047	0.0492668110276272	0.041956720777805226	0.10578558037466029	0.021014692845412665	0.04855469488003023	0.07581857024517141	0.07817291342702262	0.04541557063756195	0.09341801217863942	0.0783037102704588	0.08109404293043061	0.008167536223459141	0.02794692554753012
7	0.06750570419567208	0.009431905710008865	0.019866587219695097	0.10555305265299597	0.040183696900114814	0.02488046621808194	0.03759682599659928	0.030693659259689865	0.06567454838756558	0.0976471101164092	0.01714891947274339	0.03126044558124664	0.016814660872850936	0.06914793122992632	0.054469618799866296	0.11401124852853552	0.08780828089348777	0.058102864450871254	0.0049121481201587006	0.047290325393480506
8	0.005522533389527533	0.002950195468616024	0.0	0.0001889287738522577	0.1838712959060588	1.4532982604019824e-05	0.0005231873737447136	0.06589254312662587	0.0003633245651004956	0.5251057274484442	0.06826141929108111	0.0	0.00020346175645627752	0.0001889287738522577	0.0001889287738522577	0.00021799473906029734	0.002325277216643172	0.09568515746486651	0.008719789562411893	0.03977677338720226
