Position	A	C	D	E	F	G	H	I	K	L	M	N	P	Q	R	S	T	V	W	Y
0	0.11150409262173204	0.004850514645378297	0.0004475177202581167	0.010033058567077131	0.04746575045834476	0.059649781293759294	0.03640773195132162	0.05553550547848306	0.09309812186918047	0.10180306333097544	0.02481557939108718	0.010668245008733814	0.0009094714960084306	0.048100936900001445	0.10609057181215804	0.11623911882317275	0.047783343679173106	0.07473545928310549	0.004937130978331481	0.044925004691718035
1	0.042008921482294174	0.0002165408323829597	0.0	0.002396385211704754	0.0002165408323829597	0.002035483824399821	0.0	0.07721846082776342	0.00038977349828932744	0.28576171846804577	0.07385485989808145	8.661633295318388e-05	0.0	0.33067228710427166	0.0	0.04316380592166996	0.038847425329502965	0.1031311804362576	0.0	0.0
2	0.08948910799613113	0.00687156241428592	0.005081491533253454	0.011592152560234442	0.07096764879964199	0.023068816676531306	0.05904346696308701	0.06675232059592037	0.12988119126329922	0.06400947005240289	0.02781827893346422	0.05355776587605203	0.025263097111345296	0.047711163401712116	0.09643285068787805	0.06738750703757705	0.022967764288085925	0.06304225433442566	0.007116975357653274	0.06194511411701867
3	0.0666223960964906	0.003046007708853633	0.07216584140549437	0.10598951942371267	0.02266460712274978	0.06942299086197687	0.021726263515756954	0.025364149499790677	0.06949517113943786	0.05878361796422745	0.01261711250018045	0.0408107288764418	0.11258679678364683	0.07057787530135266	0.038919605606963954	0.09923344545336432	0.05341340532113006	0.03249556091293615	0.005918782751800898	0.01814612175369202
4	0.07200704479508019	0.004908258867347086	0.04210997387073956	0.05977970579318907	0.029666094036465477	0.08896940999841203	0.03903509405090153	0.04945792611626799	0.05419295231770871	0.09114925437773383	0.016471539316597134	0.0354549522888366	0.0827185979702906	0.04701823273808665	0.03906396616188593	0.09198654559628128	0.06165639300717472	0.0682103622006323	0.006539533137965382	0.01960416335840395
5	0.057931890690187816	0.006756073970348342	0.03308743918811624	0.05090153166548772	0.041431479262606284	0.08283408641422818	0.02943511714859032	0.0638651094974809	0.039165018550331304	0.10385298321086746	0.0182616101976296	0.03792351777800234	0.0666368321519828	0.05240288143667624	0.0392083267168079	0.10155765038760808	0.07026028208052432	0.07720402477227123	0.005023747311284665	0.022260397568968256
6	0.07477876744958208	0.009874261956662961	0.02265017106725758	0.06691111720633454	0.018752436084364308	0.03889073349597956	0.03571480128769615	0.046281993907984584	0.05300919576734853	0.10489237920630567	0.02153859479435839	0.04229764259213813	0.0542651325951697	0.07691530366242728	0.04639748235192216	0.11479551327395303	0.07883529904288952	0.07402809256398782	0.0033636009296819738	0.015807480763956057
7	0.10297238382584342	0.009628849013295608	0.01492688137893202	0.07967259026143697	0.02031153007752162	0.03354939296386655	0.038472087886705836	0.03985794921395678	0.04882273967461131	0.06702660565027212	0.012876961499040003	0.03262548541236592	0.03990125738043337	0.06233488761530799	0.03770697694561938	0.14863362734766353	0.09650503096533904	0.08772790922608306	0.0016457103261104935	0.024801143335594984
8	0.0	0.0	0.0	0.0	0.3770264612897172	0.0	0.003984351315846458	0.0004475177202581167	0.0	0.052937015489887544	0.040088926101831936	0.0	0.0	0.0	0.0	0.0	0.0	0.0001154884439375785	0.002136536212845202	0.523263703425676
