Position	A	C	D	E	F	G	H	I	K	L	M	N	P	Q	R	S	T	V	W	Y
0	0.04699095696088193	0.010541658540591031	0.04444535684591934	0.06491280293154594	0.07910862937909939	0.024737484988144483	0.04860248606591872	0.05060406680147399	0.018116871785923243	0.13353109635301724	0.04556418915451177	0.04497911170873408	0.00449585826755489	0.04755550537347444	0.02365971074592242	0.106227482216725	0.07494123564250742	0.0661137513728791	0.011732342465331596	0.05313940239984398
1	0.16347269125360542	0.0001129096825185018	0.0	0.0	0.0	0.0004824322798517804	0.0	0.0030998840109625037	0.0	0.000708251644888784	0.00019502581525923036	0.0	0.8069655009597323	3.0793549777773215e-05	0.0	0.00890960040236905	0.0029151227122958642	0.0131077876887388	0.0	0.0
2	0.111975611508576	0.007534155178961847	0.0741611323814705	0.07177976453198937	0.04890015704710387	0.04180737608162344	0.027416523818810754	0.046724079529474556	0.021432310645330157	0.09338657195939357	0.024306375291255657	0.03676749843466122	0.05062459583465917	0.04473276331051189	0.019974749289182227	0.10862937909939131	0.051763957176436774	0.07763053898976628	0.012707471541627748	0.027744988349773667
3	0.07203637744680415	0.008067910041776583	0.06730443529761966	0.09920655286739272	0.024953039836588895	0.07221087422887819	0.021124375147552426	0.029572072303254877	0.039446537265327486	0.08276279728606181	0.015561007154368065	0.02958233681984747	0.1377190191227944	0.04993687322295556	0.03045482073021771	0.09664042371924494	0.05237982817199224	0.04491752460917853	0.007811297126961806	0.018311897601182472
4	0.07681964217895158	0.007718916477628486	0.04766841505599294	0.06545682231095326	0.03034191104769921	0.06979871282961929	0.02631822054340351	0.04871539574843723	0.03227164016710633	0.09941184319924454	0.016443755581330897	0.03801976945895733	0.10454410149554007	0.044506943945474886	0.02928466583866233	0.09237038481672706	0.06526179649569404	0.07596768730176652	0.007215955164591523	0.021863420342218984
5	0.07850302290013651	0.007903677776295125	0.04635455693214128	0.06255196411524999	0.03100910462621763	0.06515915132976813	0.02768340125021812	0.04847931186680763	0.032384549849624834	0.088305636246061	0.015489155538219928	0.0356384016094762	0.10115681101998501	0.053406279831251346	0.031778943370661956	0.10651488868131756	0.07132812580191536	0.07284727425761883	0.006097122855999097	0.017408620141034458
6	0.07006559026102666	0.010007903677776295	0.0412736212188087	0.077261016392433	0.03178920788725455	0.025497059215996223	0.03857405335495725	0.04746312472414112	0.02757049156769962	0.10564240477094732	0.018640362132145386	0.03350338215821726	0.10294283690709587	0.061248370507990924	0.03188158853658787	0.08816193301376472	0.06719152561510115	0.08399453927717274	0.01025425207599848	0.027036736704884882
7	0.12000246348398222	0.012758794124590703	0.023259394598811368	0.0871354813545056	0.024747749504737074	0.0326514272810322	0.02278722683555218	0.039343892099401576	0.03524834997895774	0.08093571333258061	0.013200168338072119	0.024439814006959344	0.06882358375332313	0.04830481508473358	0.029900536834217794	0.12801905094279584	0.09343789454235653	0.08789505558235734	0.005255432495406629	0.021853155825626393
8	0.014975929708590375	0.0014986194225182965	0.0	0.0	0.10390770146679942	2.0529033185182144e-05	0.00015396774888886607	0.07594715826858134	0.0	0.5817004198187287	0.11154450181168718	0.0	0.0004105806637036429	0.0	0.0	0.0001744967820740482	0.0019502581525923037	0.0925551461153937	0.0021042259014811696	0.013056465105775843
