Position	A	C	D	E	F	G	H	I	K	L	M	N	P	Q	R	S	T	V	W	Y
0	0.03913071350727611	0.009526251682800179	0.047708186422206554	0.06599140970575036	0.09631386627347907	0.01723187383806654	0.05579844861850119	0.04959292262324508	0.016270273735495864	0.12325149048015899	0.05309314699660234	0.04799025578562728	0.0033976536957497274	0.04400282069363421	0.018860183345086223	0.09769857042118084	0.07310725046477339	0.0599782037310084	0.011757163920764152	0.0692993140585935
1	0.20811590486569653	0.0018334508622347586	0.0	7.692800820565421e-05	0.0006410667350471184	0.006577344701583435	0.0	0.022347586383742547	0.0	0.0123469453170075	0.003333547022245016	0.00010257067760753894	0.6341047503045067	0.001602666837617796	0.0	0.03743829732675172	0.018475543304057953	0.052926469645490096	0.0	7.692800820565421e-05
2	0.10780178216552343	0.007628694147060709	0.055195845887556896	0.050657093403423295	0.0684531059683313	0.03165587537662671	0.032720046156804926	0.060170523751522535	0.027732546958138343	0.09215975383037374	0.029860888518494777	0.04605423424578499	0.027476120264119493	0.041656516443361755	0.026655554843259183	0.10526315789473684	0.04920828258221681	0.0824924674658632	0.014975318930700686	0.04218219116610039
3	0.06777357522918136	0.007987691518687095	0.08014616321559075	0.10453234181678313	0.029168536444643886	0.07513302134752228	0.02128341560356433	0.027386370921212898	0.04024616962625809	0.07220975703570742	0.013975254824027181	0.03297647285082377	0.13586768382588627	0.051105840117956276	0.026668376177960126	0.09512148214629143	0.049913455990768636	0.040528238989678826	0.007782550163472017	0.02019360215398423
4	0.06961984742611706	0.007244054106032438	0.05055452272581576	0.06058080646195269	0.03606641451375088	0.07479966664529777	0.030527597922943777	0.054747099173023915	0.028924931085325983	0.09949355727931278	0.017090839156356178	0.04374639399961536	0.08999294826591449	0.044131034040643634	0.027565869607026092	0.08764664401564203	0.06329892941855247	0.07808192832873902	0.00920571831527662	0.026681197512661067
5	0.07597922943778447	0.0074363741265465735	0.04238733252131547	0.052746970959676905	0.03660491057119046	0.0653375216360023	0.03010449387781268	0.05517020321815501	0.030553240592345664	0.0845823450221168	0.01750112186678633	0.036951086608115906	0.0941470607090198	0.04945188794153471	0.0310789153150843	0.106340150009616	0.07919738444772101	0.07660747483813064	0.006308096672863645	0.021514199628181293
6	0.06531187896660043	0.009795499711519969	0.03373293159817937	0.06296557471632797	0.03615616385665748	0.022937367779985895	0.0415795884351561	0.05114430412205911	0.029963459196102313	0.11535354830437848	0.021796268991602027	0.035874094493236745	0.09468555676645939	0.0630040387204308	0.03147637669081351	0.08956984422078339	0.06626065773447015	0.08485159305083659	0.010257067760753894	0.03328418488364639
7	0.12220014103468171	0.012487979998717867	0.020821847554330405	0.08646708122315533	0.02410410923777165	0.030566061927046605	0.02348868517212642	0.04168215911276364	0.0382203987435092	0.07224822103981024	0.014270145522148855	0.024501570613500865	0.06005513173921405	0.04868260785947817	0.02971985383678441	0.1361241105199051	0.09454452208474902	0.09015962561702673	0.004205397781909097	0.025450349381370602
8	0.005115712545676005	3.8464004102827103e-05	0.0	1.2821334700942368e-05	0.2679402525802936	0.0	0.011462273222642478	0.006487595358676838	0.0	0.18755048400538496	0.1001346240143599	0.0	0.0	0.0005000320533367523	0.0	0.00017949868581319315	0.0005256747227386371	0.011193025193922687	0.01614206038848644	0.3927174818898647
