Position	A	C	D	E	F	G	H	I	K	L	M	N	P	Q	R	S	T	V	W	Y
0	0.11136061045645132	0.0030403592790572897	0.0008544800588200227	0.008107624744152773	0.025236969179102994	0.06617252548536455	0.03371221906484113	0.035202591260457446	0.15096476760129562	0.06472189654829799	0.018271963118256067	0.01202233571130497	0.0007352502831707171	0.055024541462154485	0.167468155714087	0.1212368102060688	0.03934582596427081	0.049748623889672716	0.004391630069749419	0.03238081990342388
1	0.018351449635355604	3.97432585497685e-05	0.0026727341374719314	0.04603262921526936	0.0	0.0014208214931542237	9.935814637442124e-06	0.030850704449257794	0.0025038252886354154	0.24654730441348885	0.048198636806231744	0.0012121693857679392	9.935814637442124e-06	0.5132742483556226	3.97432585497685e-05	0.012449575740714982	0.016344415078592293	0.06004212785406275	0.0	0.0
2	0.0855274923991018	0.008485185700375574	0.02385589094449854	0.02231583967569501	0.08816048327802396	0.02956898436102776	0.03805417006140333	0.05894918824394412	0.05590882896488683	0.1420622776861475	0.03808397750531566	0.05426941954970888	0.012091886413767065	0.061641794010690934	0.03288754644993343	0.07657532341076645	0.03534169266538163	0.04953003596764899	0.021540846133974525	0.065149136577708
3	0.06373825089919122	0.003457663493829859	0.07943683802634978	0.13262325378057746	0.019762335313872385	0.06282415595254655	0.02081553166544125	0.01987162927488425	0.06613278222681478	0.06369850764064146	0.00968741927150607	0.04065735349641317	0.12030284363014923	0.06663950877332432	0.04043876557438945	0.0994674403354331	0.04349899648272162	0.029678278322039623	0.004828805913796873	0.01243963992607754
4	0.06004212785406275	0.004878484986984083	0.02930071736581682	0.059982512966238105	0.04383681418039465	0.05721042068239175	0.03527214196291954	0.07014685134034139	0.05311686505176559	0.12586689982711682	0.017536712835085348	0.027999125648311904	0.06663950877332432	0.05505434890606681	0.03628559505593864	0.07477694096138943	0.056495042028495916	0.08941239592234167	0.011326828686684021	0.024819664964330426
5	0.05949565804900344	0.004580410547860819	0.02606164179401069	0.05349442600798839	0.03723943326113308	0.0388490352323987	0.026319972974584185	0.08542813425272738	0.04288297597520021	0.1281223297498162	0.01730818909842418	0.033732090694116014	0.08778292232180117	0.07099139558452397	0.02774079446773841	0.07333624783896031	0.06247640244023608	0.0991594300816724	0.006428472070425054	0.01857003755737933
6	0.047930369811020807	0.006070782743477138	0.020219382787194724	0.0727202273314389	0.04661884227887844	0.01062138584742563	0.05065278302167995	0.056216839218647535	0.03541124336784373	0.14415873457464778	0.026836635335731177	0.033255171591518785	0.07894004729447768	0.08229835264193311	0.03879935615921149	0.06002225622478787	0.058362975180335036	0.08238777497367009	0.013602130238658267	0.034874709377421854
7	0.060926415356795105	0.006160205075214116	0.012360153408978003	0.08888579774655724	0.024730242632593446	0.03470580052858534	0.036921487192734935	0.02641933112095861	0.08462333326709456	0.10307414104882459	0.015072630804999702	0.03680225741708563	0.01870913896230352	0.08919380800031794	0.060827057210420685	0.1129602766130795	0.10325298571229855	0.05473640283766866	0.0022852373666116883	0.02735329769687817
8	0.02956898436102776	0.0014705005663414343	0.0	0.0	0.01305566043359895	2.9807443912326373e-05	0.0	0.2735727202273314	0.0	0.2896985473839	0.01539057687339785	0.0	0.0014605647517039922	0.0	0.0	4.967907318721062e-05	0.0017089601176400453	0.37357669455318643	0.00034775351231047433	6.955070246209486e-05
