Position	A	C	D	E	F	G	H	I	K	L	M	N	P	Q	R	S	T	V	W	Y
0	0.02454889668659242	0.0030790141606912525	0.15906852886922512	0.31103590796244157	0.056185073716037225	0.006379939251882775	0.047142203298151206	0.009639256043605498	0.005298123465693957	0.02384155559562281	0.032149346056226685	0.04583847658146212	0.0003189969625941388	0.0446734441963357	0.0043550020110678074	0.08535249164366653	0.06919460201661558	0.017572571808990165	0.006379939251882775	0.047946630421214685
1	0.12174588424571088	0.0007489493904384128	0.0	1.3869433156266903e-05	0.001012468620407484	0.0008737742888448149	0.0	0.12790391256709338	0.0	0.06524181356707952	0.010859766161356985	0.0013869433156266904	0.01840473779836618	0.005409078930944092	0.0	0.08467288941900944	0.23741695676897684	0.32374030873358206	0.0	0.000568646759406943
2	0.11493599256598383	0.003911180150067267	0.009791819808324434	0.011705801583889267	0.08539409994313532	0.010235641669324974	0.0312200940347568	0.1090830917740392	0.07318899876562045	0.056781459341756706	0.03414654443072911	0.04153895230301938	0.0665871485832374	0.02414668312506068	0.039292104131704135	0.08022080137584776	0.038903760003328666	0.10479743692875272	0.007295321840196391	0.0568230676412255
3	0.0588341354488842	0.004174699380036338	0.11020651585969682	0.14178721515651654	0.02212174588424571	0.09146891166558023	0.021109277263838228	0.015200898739268526	0.05912539354516581	0.037877421949764914	0.008113618396416139	0.040942566677299896	0.11658645511157958	0.058334835855258595	0.032454473585664556	0.09431214546261495	0.04034618105158042	0.022648784344183853	0.00703180261022732	0.01732292201217736
4	0.06310592086101441	0.003606052620629395	0.03954175392851694	0.05343892595109638	0.03825189664498412	0.06468703624082883	0.04026296445264282	0.06734996740683208	0.0565318095449439	0.08884758879904578	0.014798685177736786	0.04381353934064715	0.0835633347665081	0.04540852415361784	0.046337776175087726	0.07385473155712126	0.05707271743803831	0.08496414751529105	0.011040068792388455	0.023522558633028667
5	0.054659436068847864	0.004465957476317943	0.017794482739490438	0.023383864301466	0.054881346999348136	0.04952774580102911	0.02378607786299774	0.10065047641502892	0.02650448676162605	0.15489382948918878	0.03619922053785662	0.02852942400244102	0.052426457330688896	0.03945853732957934	0.031428135532100804	0.07517232770696662	0.0784039056323768	0.10859766161356986	0.009015131551573487	0.03022149484750558
6	0.08195448052038114	0.007822360300134534	0.022690392643652652	0.05522808282825481	0.024867893649186557	0.0449230939931485	0.045297568688367706	0.04220468509452019	0.048126933052246156	0.08829281147279511	0.022940042440465457	0.042925895618646064	0.05974951803719782	0.07081732569589881	0.05130303324503128	0.1188055644165823	0.06601850182383046	0.06844565262617716	0.01159484611863913	0.02599131773484418
7	0.08859793900223298	0.00546455666356916	0.01227444834329621	0.08022080137584776	0.028238165906159414	0.04984674276362325	0.032274170954633086	0.023231300536747063	0.07185753318261882	0.07796008377137627	0.015977586996019474	0.04034618105158042	0.03612987337207528	0.06538050789864218	0.051261424945562475	0.14887449549936893	0.09159373656398663	0.0448398773942109	0.0032177084922539218	0.032412865286195754
8	1.3869433156266903e-05	0.0	0.0	0.0	0.2726869252853636	0.0	0.0007073410909696121	0.024521157820279884	0.0	0.15981747825966353	0.058071316625289526	0.0	0.0	0.0	0.0	0.0	0.0	0.017544832942677634	0.17289635372602322	0.29374072481657676
