Position	A	C	D	E	F	G	H	I	K	L	M	N	P	Q	R	S	T	V	W	Y
0	0.10566486283587224	0.0027005328078242466	0.00037536363351997246	0.009227689324032657	0.11282805217554506	0.06531327223247521	0.027870749788857955	0.05219639859447173	0.08506157006266488	0.08555162813976039	0.022573951849187233	0.022073467004493936	0.0005421919150844047	0.038026421429092766	0.05640881270397364	0.1207941026202467	0.05239450717882949	0.061205125798951064	0.007184042874868362	0.07200725703024806
1	0.0028673610893886784	1.0426767597777014e-05	0.0	0.0	0.00019810858435776325	1.0426767597777014e-05	0.0	0.06469809294420636	0.0	0.7394767848019436	0.08420657511964716	0.0	0.0	0.040080494645854836	0.0	0.0012512121117332416	0.009717747401128176	0.05748276976654467	0.0	0.0
2	0.13592334240462114	0.004316681785479683	0.05729508794978469	0.03050872199109554	0.06042311822911779	0.034158090650317496	0.028611050288300126	0.05319736828385832	0.044793393600050045	0.08548906753417373	0.031509691680482135	0.05648180007715808	0.05154993900340955	0.05841075208274683	0.015285641298341101	0.11094080724034742	0.041102317870436986	0.04443888350172563	0.011782247385488024	0.04378199714306568
3	0.05662777482352696	0.0016787095832420992	0.14790369837446693	0.19909912727955206	0.01033292668939702	0.08165201705819179	0.019873419041362986	0.008278853472634948	0.04711856277435432	0.022521818011198347	0.003920464616764157	0.038088982034679426	0.13068910507053708	0.04927690366709416	0.022396696800025023	0.09438310029507753	0.03801599466149499	0.01434723221454117	0.004775459559781872	0.009019153972077117
4	0.059390868236937865	0.004900580770955196	0.04684746681681212	0.07698082517438769	0.04385498451625012	0.07404047671181457	0.042426517355354666	0.07074561815091704	0.0641871813319153	0.11527834256102265	0.015024972108396676	0.031843348243611	0.051841888496147306	0.04752520671066763	0.03467942903020635	0.060402264693922236	0.038339224457026075	0.0824653049308184	0.008247573169841618	0.030977926532995505
5	0.04180091129948805	0.005609600967604033	0.029267936646960077	0.049725254673798576	0.03895440374529492	0.03015421189277112	0.018069588246947564	0.10089983004368816	0.026661244747515824	0.18715005161249962	0.023335105883824956	0.03739038860562837	0.07722064082913656	0.05122670920787847	0.01494155796761446	0.06838916867381943	0.06533412576767077	0.11121190319788962	0.003857904011177495	0.018799461978791954
6	0.07502059286600561	0.005380212080452939	0.03204145682796876	0.10194250680346585	0.03978854515311708	0.00966561356313929	0.056179423816822546	0.04956885315983192	0.028402514936344585	0.08340371401461832	0.02157298215980064	0.03970513101233487	0.0770225322447788	0.0794206887922675	0.02520149728382704	0.07242432773415913	0.06853514342018831	0.083372433711825	0.016985204416778754	0.03436662600227303
7	0.07262243631851689	0.005234237334084061	0.010478901435765898	0.11472572387834047	0.038214103245852754	0.04897452740675863	0.03934019414641267	0.013356689292752353	0.0730290802548302	0.08830429478557353	0.016630694318454337	0.0425933456369191	0.02194834579332061	0.08805405236322687	0.05807709551961796	0.1126716506615784	0.07970221151740749	0.028777878569864555	0.0045043636022396695	0.04276017391848353
8	0.054021082924082704	0.00160572221005766	0.0	0.0	0.0027005328078242466	0.0	0.0	0.08626064833640923	0.0	0.5235905616899705	0.02475314627712263	0.0	1.0426767597777014e-05	0.0	0.0	0.0005004848446932966	0.005348931777659608	0.3012084623645824	0.0	0.0
