Position	A	C	D	E	F	G	H	I	K	L	M	N	P	Q	R	S	T	V	W	Y
0	0.048135167651828216	0.0037558194277344773	0.059590940001046186	0.09147878851284197	0.07020976094575508	0.027975100695715856	0.07302401004341685	0.03054872626458126	0.015891614793116075	0.0748966888110059	0.03265156666841031	0.06583668985719517	0.0016111314536799708	0.06146361876863524	0.02595595543233771	0.1288486687241722	0.07336925249777684	0.04040382905267563	0.012679813778312496	0.06167285661976252
1	0.00039755191714181096	0.0	0.0	0.0019877595857090546	0.0	2.0923785112726892e-05	0.5009677250614636	1.0461892556363446e-05	0.043019302191766494	5.230946278181723e-05	9.415703300727102e-05	0.00016739028090181514	0.011602238845007062	0.05377412773970811	0.38759219542815293	4.1847570225453784e-05	0.0	3.1385677669090336e-05	0.0	0.00024062352879635927
2	0.08290003661662394	0.008024271590730762	0.04774807762724277	0.03274572370141759	0.08482502484699482	0.021833969765130513	0.04930689961814092	0.06778260187267877	0.030716116545483077	0.12073024010043416	0.03652246691426479	0.04066537636658472	0.022702306847308677	0.045425537479730084	0.028027410158497672	0.08700109849871841	0.044661819323115554	0.06478003870900245	0.018318773866192396	0.06528220955170791
3	0.06289689804885704	0.006109745252916253	0.06600408013809698	0.10194068106920542	0.028728356959774024	0.06675733640215514	0.022629073599414132	0.029366532405712194	0.049066276089344565	0.09501490819689282	0.015002353925825182	0.027828634199926768	0.12198566720719778	0.06192394204111524	0.038384683789297484	0.08766019772976931	0.04628341266935188	0.04281006434063922	0.009698174399748915	0.01990898153475964
4	0.07139195480462415	0.004843856253596276	0.0261024219281268	0.048229324684835484	0.0476539205942355	0.06580530417952607	0.035863367683213895	0.0585865983156353	0.0468797405450646	0.10831197363603076	0.01739812732123241	0.03032902652089763	0.08746142177119841	0.04789454412303186	0.047340063817544596	0.07937437882512946	0.05788565151435895	0.0813098289480567	0.010953601506512528	0.026384893027148613
5	0.06910080033478057	0.006015588219908981	0.023486948789035938	0.04571847047130826	0.04123031856462834	0.05200606789768269	0.04264267405973741	0.06720719778207877	0.04001673902809018	0.1039493644400272	0.015912538578228802	0.033070042370664854	0.08971072867081654	0.05315687607888267	0.042935607051315584	0.0856619762515039	0.06774075430245331	0.09188680232254015	0.007187320186221688	0.02136318460009416
6	0.0645394151802061	0.007961500235392582	0.0219804362609196	0.06322121671810431	0.042914683266202854	0.014834963644923366	0.05287440497986086	0.060971909818486165	0.028435423968195848	0.12255060940524141	0.026301197886697703	0.03635507663336297	0.08368467855835121	0.06121253334728252	0.03530888737772663	0.06784537322801695	0.06358738295757703	0.09719098184861641	0.012784432703876131	0.035444891980959355
7	0.14797300831720459	0.010692054192603441	0.012815818381545222	0.09229481613223832	0.014761730397028822	0.0305382643720249	0.017586441387246955	0.03407438405607575	0.04139770884553016	0.06320029293299158	0.011863786158916149	0.023173092012345034	0.06129622848773343	0.05709054768007533	0.030067479206988545	0.14301407124548832	0.10210807135010723	0.08762881205210023	0.0016739028090181514	0.016749489982737877
8	0.3623685724747607	0.03018256002510854	0.0	2.0923785112726892e-05	0.006946696657425328	0.0005963278757127164	1.0461892556363446e-05	0.06297013129675158	0.0	0.2511272689229482	0.019699743683632368	0.0	0.0380080556572684	1.0461892556363446e-05	0.0	0.014636187686352461	0.04098969503583198	0.17234921797353142	0.0	8.369514045090757e-05
