Position	A	C	D	E	F	G	H	I	K	L	M	N	P	Q	R	S	T	V	W	Y
0	0.11201995141365587	0.006357574817801209	0.003269240709153874	0.03208507778983822	0.033067142192587995	0.06352406057786737	0.025934253372615908	0.03849434020778415	0.10059699178167157	0.08762340414534553	0.03211092158991058	0.021191916059337366	0.0008399235023517858	0.061895901173308523	0.08953584535070036	0.12545872745128445	0.0581743939628883	0.06631519098568253	0.007081201219827363	0.03442394169638704
1	0.0	0.0	0.002868661808032253	0.9925052979790149	0.0	0.0	0.0	0.0	0.0	0.0	0.0	0.0	0.0	0.004626040212952913	0.0	0.0	0.0	0.0	0.0	0.0
2	0.0882694991471546	0.007804827621853518	0.05876880136455264	0.05980255336744715	0.059156458365638084	0.0280146792784411	0.0338295342947227	0.0657207835840182	0.06237401147464723	0.10144983718405955	0.032640719491394014	0.06327854447717993	0.010066160128185248	0.047927327234196515	0.03258903189124929	0.07055357419755001	0.04651884013025275	0.06714219258799814	0.012896056236108958	0.05119656794335039
3	0.06362743577815683	0.00489740011371272	0.06747816198893886	0.12815940455884633	0.02594717527265209	0.05963456866697679	0.018465395151703107	0.034617770196929756	0.06352406057786737	0.08846332764769732	0.0150798573422236	0.03543184989920918	0.09535070036698196	0.06074585207008838	0.03737013490463638	0.08511655553832635	0.04933581433814028	0.04494236832583863	0.006112058717113764	0.015700108543960305
4	0.06822763219103738	0.004535586912699644	0.03574197550007753	0.06794335039024138	0.04545924432728588	0.05989300666770042	0.030288933684809016	0.05645578125807619	0.05764459606140487	0.09606140486897194	0.016410813045950278	0.03528970899881118	0.08047759342533727	0.04614410502920349	0.04244844161885564	0.08366930273427405	0.061133509071173826	0.07640719491394014	0.009355455626195277	0.02641236367395462
5	0.07011422959631984	0.005569338915594149	0.02691631777536569	0.051532537344291106	0.04156975241639531	0.05764459606140487	0.027807928877862202	0.06268413707551558	0.056042280456918385	0.11655553832635551	0.018478317051739288	0.03607794490101825	0.07704036801571303	0.06084922727037784	0.03986406161161937	0.07953429472269602	0.05960872486690443	0.08131751692768904	0.008373391223445496	0.02241949656277459
6	0.05705018865974053	0.009071173825399287	0.02397012456711635	0.0672455677882876	0.03101256008683517	0.024680829069106323	0.036271773401560965	0.05296686824830723	0.06353698247790356	0.12711273065591563	0.02338863906548819	0.03828758980720525	0.07302165710446064	0.06800795989042228	0.0601126789683155	0.07738925931668993	0.0603194293688944	0.07673024241484468	0.007791905721817336	0.02203183956168915
7	0.06575954928412674	0.007275029720370084	0.016384969245877914	0.08696438724350028	0.028247273479092366	0.03632346100170569	0.0318912492892955	0.03964438931100429	0.08192484622938957	0.11274357781568202	0.0174316431488086	0.036271773401560965	0.023246498165090196	0.06879619579262934	0.060073913268206956	0.101411071483951	0.0852199307386158	0.06948105649454696	0.0032175531090091487	0.027691631777536568
8	0.0807360314260609	0.0015764718044141211	0.0	0.0	0.0325115004910322	0.00011629710032563188	0.0	0.22352302682586447	0.0	0.29256473871918126	0.025301080270843025	0.0	0.030263089884736652	0.0	0.0	0.0001938285005427198	0.004522665012663462	0.30537034165503696	0.0014601747040884892	0.00186075360521011
