Position	A	C	D	E	F	G	H	I	K	L	M	N	P	Q	R	S	T	V	W	Y
0	0.07435426690301342	0.002827720097915084	0.002869924875495906	0.013136237022030895	0.143686165273909	0.014360175571874736	0.04167721786106187	0.05724022959399004	0.06207267662699418	0.07928167468557441	0.04007343631299063	0.026589009875917953	7.385836076643876e-05	0.022305224951464506	0.04569722292563518	0.13250189921499114	0.059709209082468136	0.07628513547733604	0.006330716637123322	0.09892799864944712
1	0.5276019245378577	0.0011184266058917869	0.0	0.0	0.0006752764412931544	0.011163163670127459	8.44095551616443e-05	0.014201907655946653	0.0010551194395205538	0.011722376973073352	0.004959061365746602	0.001434962437747953	0.0021629948510171353	0.016628682366843926	0.000706930024478771	0.22971005317801976	0.10720013505528826	0.06875158267915928	2.1102388790411075e-05	0.0008018907740356208
2	0.1101228159027602	0.0034396893728370053	0.01030851692411581	0.005982527222081539	0.12180298809825273	0.009390563011732928	0.0451591120114797	0.06851945640246476	0.0794715961846881	0.05255549928251878	0.02846712247826454	0.043914071072845444	0.04144509158436735	0.023676880222841225	0.05734574153794209	0.09668059424326834	0.0411602093356968	0.0659344137756394	0.00846205790495484	0.08616105343124841
3	0.05122604878872288	0.0034396893728370053	0.11299274077825609	0.12090613657466025	0.01697687178188571	0.08811302439436144	0.021123491179201485	0.018021440027011056	0.039704144509158434	0.03755170085253651	0.007828986241242508	0.041402886806786526	0.18117455896007428	0.04621423145100025	0.02340254916856588	0.10106989111167385	0.04440997720942011	0.023729636194817254	0.005444416307926058	0.015267578289862412
4	0.051985734785177685	0.0030598463746096057	0.019583016797501476	0.032877521735460456	0.04733265805689204	0.06524858613995105	0.062241495737317465	0.05784164767451676	0.07049252975436819	0.07400607748797164	0.011194817253313075	0.040495484088798855	0.08485270532624294	0.04447328437579134	0.08775428378492445	0.07546214231451	0.050698489068962606	0.07792057060859289	0.012112771165695957	0.030366337469401535
5	0.06093314763231198	0.003460791761627416	0.009221743901409639	0.020648687431417238	0.04490588334599477	0.05677597704060099	0.03871233223600912	0.0851797923524943	0.039049970456655696	0.11560943698826708	0.019477504853549422	0.022547902422554233	0.10752722208153963	0.03803705579471596	0.054159280830590024	0.0806005739849751	0.07333080104667848	0.1028952477420444	0.004030556258968515	0.022896091837596017
6	0.04707942939140711	0.005908668861315101	0.006246307081961678	0.026557356292732336	0.019203173799274078	0.016544272811682283	0.05641723643116401	0.0470688781970119	0.06564953152696885	0.11664345403899722	0.025027433105427533	0.032940828901831684	0.06465771925381954	0.07973537604456825	0.12028361610534312	0.1042352494302355	0.06769646323963872	0.07487127542837849	0.004294336118848653	0.01893939393939394
7	0.09521397822233477	0.004959061365746602	0.008261585211445936	0.1021355617455896	0.02499577952224192	0.018306322275681606	0.032571537097999495	0.03191736304549675	0.0607854309107791	0.06875158267915928	0.012418755803156918	0.027106018401283027	0.02113404237359669	0.06853000759685997	0.0457288765088208	0.14243057314087954	0.10557525111842661	0.08855617455896007	0.0019519709631130244	0.038670127458428294
8	0.0068266227736979825	0.00041149658141301595	0.0	0.0	0.12262598126107875	0.0	0.0021313412678315184	0.06512197180720858	1.0551194395205538e-05	0.3950367181564953	0.08065332995695113	0.0	0.0	1.0551194395205538e-05	2.1102388790411075e-05	5.2755971976027685e-05	0.0006225204693171267	0.16011437494724404	0.0029859880138431672	0.16337469401536253
