Position	A	C	D	E	F	G	H	I	K	L	M	N	P	Q	R	S	T	V	W	Y
0	0.10559266413759397	0.0036306933227826005	0.00030255777689855006	0.006027881862824959	0.11011939395349919	0.054937510182232877	0.02368096446109805	0.059883166150766866	0.09467731049410012	0.08870761281914027	0.023995159075569622	0.018956408406451464	0.0001861894011683385	0.030360509228012197	0.06383969092559406	0.12124421067330743	0.048479065329206136	0.0686457048432518	0.00563222938534224	0.07110107757115926
1	0.0025833779412106966	1.1636837573021156e-05	0.0	0.0	0.00017455256359531733	1.1636837573021156e-05	0.0	0.07323061884702213	0.0	0.7391370121255848	0.08994111760188052	0.0	0.0	0.018269834989643213	0.0	0.0015476993972118138	0.012742337142458166	0.062350175716247354	0.0	0.0
2	0.09365326878767426	0.004340540414736891	0.07588381781367096	0.02163288104824633	0.07509251285870552	0.0344915865664347	0.024937742918984335	0.05818418786510578	0.02569413736123071	0.15692275467219027	0.04098494193218051	0.04952638071077804	0.0463146135406242	0.05760234598645472	0.008390159890148253	0.07263714013079806	0.028440431028463706	0.0416947890241348	0.02575232154909582	0.05782344590034212
3	0.061058486745642	0.0034677775967603044	0.12845904996858054	0.1806851769962995	0.014476225940838318	0.0855889403495706	0.02325040147089627	0.010345148602415807	0.047071007982870575	0.02780040496194754	0.005201666395140457	0.0428468359438639	0.12895943398422044	0.04496474038215375	0.024030069588288686	0.09624828356645798	0.039704889799148185	0.017653082598273095	0.006679544766914143	0.011508832359717922
4	0.058137640514813696	0.004037982637838341	0.035096702120231804	0.05558917308632206	0.0507715223310913	0.07105453022086718	0.04024018432750716	0.07067051458095748	0.06184979170060744	0.11284241394558615	0.01659413037912817	0.035922917587916305	0.061361044522540556	0.04352177252309912	0.03773826424930761	0.06382805408802104	0.04489491935671562	0.0840994251402239	0.01661740405427421	0.03513161263295087
5	0.04416179858961529	0.00532967160844369	0.01712942490748714	0.03272278725533549	0.0489561756697	0.02970884632392301	0.01953825028510252	0.11195801429003654	0.025019200781995484	0.19921102241254918	0.024216258989457024	0.03131472990899993	0.07455721833034655	0.04204389415132544	0.01349873158470454	0.06672562664370331	0.06290874391975237	0.12362976237577676	0.005376218958735774	0.021993623013009986
6	0.06767984732469104	0.006993739381385714	0.017280703795936415	0.06340912793539227	0.05807945632694859	0.007796681173924174	0.05483277864407569	0.05899876649521726	0.02506574813228757	0.10558102730002095	0.025391579584332163	0.031663835036190566	0.10424279097912352	0.06734237903507342	0.023227127795750226	0.06323457537179696	0.061361044522540556	0.09082551725743013	0.023401680359345544	0.04359159354853725
7	0.07560453371191844	0.006865734168082482	0.010333511764842786	0.10421951730397747	0.04311448320804338	0.04993367002583378	0.0360276491260735	0.013149626457513906	0.0645728116926944	0.0877883026508716	0.01671049875485838	0.04347522517280704	0.0348174180184793	0.08106221053366537	0.05162101147392185	0.11476249214513463	0.08315684129680918	0.0289873623943957	0.005143482207275351	0.048653617892801454
8	0.046873181744129216	0.0031535829822887333	0.0	0.0	0.0010356785439988828	0.0	0.0	0.11406428189075336	0.0	0.42318523518048734	0.02006190797588847	0.0	0.0	0.0	0.0	0.0002560104266064654	0.00523657690785952	0.38613354434798797	0.0	0.0
