Position	A	C	D	E	F	G	H	I	K	L	M	N	P	Q	R	S	T	V	W	Y
0	0.11792871844870545	0.003228252627017658	0.0005199870003249918	0.007561477629725924	0.10976058931860037	0.0702740764814213	0.028675116455421947	0.049268768280792984	0.0890369407431481	0.07887552811179721	0.020615317950384574	0.018470371574043982	0.0003574910627234319	0.03067923301917452	0.06227927635142455	0.1311667208319792	0.049409598093380996	0.05940851478713032	0.0052432022532770016	0.06724081897952551
1	0.004419889502762431	0.0	0.0	0.0	5.416531253385332e-05	0.0	0.0	0.0740764814212978	0.0	0.715209619759506	0.08455205286534503	0.0	0.0	0.03686491171054057	0.0	0.0018199545011374715	0.011277218069548262	0.07172570685732857	0.0	0.0
2	0.1287617809554761	0.0032065865020041166	0.025035207453147006	0.011136388256960242	0.07220236160762647	0.02721265301700791	0.03687574477304734	0.060751814537969885	0.08126963492579352	0.0783230419239519	0.034665800021666124	0.05589860253493663	0.04855378615534612	0.045802188278626366	0.04425306034015816	0.09092189361932618	0.028837612393023508	0.050666233344166395	0.009641425631025892	0.06598418372874011
3	0.05497779222186112	0.0024699382515437113	0.13307333983317085	0.1841620626151013	0.01010724731881703	0.0871844870544903	0.022381107138988193	0.008612284692882678	0.05095872603184921	0.023106922326941826	0.004679883002924927	0.040970642400606654	0.13474163145921353	0.05010291409381432	0.025544361390965227	0.09822337774888962	0.040938143213086337	0.013822987758639367	0.004842378940526487	0.009099772505687357
4	0.05537861553461163	0.004051565377532229	0.03720073664825046	0.06244177228902611	0.040548152962842594	0.07795471779872169	0.05387281984617051	0.05950601234969126	0.08557036074098147	0.091214386307009	0.01288051132055032	0.034286642833929154	0.06147762972592352	0.04781713790488571	0.056169429097605895	0.06669916585418698	0.042368107463980065	0.07234319142021449	0.009565594193478496	0.028653450330408406
5	0.038034882461271804	0.0041382298775863935	0.012663850070414906	0.026551836204094896	0.044469721590293575	0.03212003033257502	0.017018741198136712	0.1142563102589102	0.021579460513487164	0.2202794930126747	0.02809013108005633	0.02493770989058607	0.08597118405373198	0.03980067164987542	0.013963817571227386	0.06313508828945943	0.06616834579135522	0.12433105839020692	0.0031199220019499513	0.019369515762105948
6	0.08141046473838154	0.005969017441230636	0.019142021449463763	0.06231177553894486	0.023724406889827753	0.0200519987000325	0.049344599718340376	0.04725381865453364	0.04112230527570144	0.09478929693424332	0.024493554327808472	0.0382948759614343	0.08288376123930236	0.07799805004874878	0.04159896002599935	0.09874336474921461	0.07988300292492688	0.08011049723756906	0.00945726356841079	0.021416964575885603
7	0.07936301592460189	0.004322391940201495	0.010681399631675874	0.10906727331816704	0.028458455205286535	0.05460946809663092	0.03816487921135305	0.012284692882677932	0.07505145704690716	0.06799913335499946	0.0151771205719857	0.04404723215252952	0.03186003683241252	0.08683782905427365	0.057956884411223056	0.12823096089264435	0.08449788755281118	0.029411764705882353	0.003954067814971292	0.03802404939876503
8	0.11106055681941285	0.0023941068139963165	0.0	0.0	0.0007041490629400932	2.1666125013541327e-05	0.0	0.10821146138013216	0.0	0.33505579027190985	0.01419131188386957	0.0	0.00010833062506770663	0.0	0.0	0.0014407973134004982	0.010973892319358683	0.4158379373848987	0.0	0.0
