Position	A	C	D	E	F	G	H	I	K	L	M	N	P	Q	R	S	T	V	W	Y
0	0.07420658412910865	0.009935394198347533	0.0021106277830686467	0.012766724151244498	0.031350544387531855	0.0404880183264266	0.03196828910452756	0.0666392113459113	0.14625106174873234	0.1201770868188721	0.03454222542534298	0.01423386785410929	0.007155542971866876	0.04144037476512831	0.11518365035649018	0.08712774445960207	0.04728321021337932	0.08342127615762786	0.006100229080332553	0.02761833672234949
1	0.16699698849450464	0.01454274021260714	0.0	0.0	0.0003088723584978508	0.03575197549612623	0.0	0.0304239273120383	0.0	0.03907235334997812	0.009883915471931225	0.0029600267689377366	0.0002573936320815423	0.006357622712414095	0.0	0.3550745154564876	0.24514169519446088	0.09322797353993462	0.0	0.0
2	0.07170986589791768	0.02182698000051479	0.02447813441095467	0.020848884198604926	0.07690921726596484	0.03580345422254253	0.028184602712928882	0.055107976628658205	0.06337031221847572	0.14743507245630744	0.02519883658078299	0.039355486345267816	0.017811639340042727	0.039149571439602585	0.06615016344495638	0.09446346297392602	0.04653676868034285	0.06046176417595429	0.02038557566085815	0.04481223134539652
3	0.06290700368072893	0.005070654552006383	0.05474762554374405	0.07729530771408716	0.024323698231705746	0.05829965766646933	0.024812746132660678	0.03374430516589019	0.07706365344521376	0.06959923811484904	0.011814367712542791	0.033667087076265735	0.13425651849373246	0.0544902319116625	0.06707678052044992	0.0942575480682608	0.04733468893979563	0.046227896321845	0.006434840802038558	0.016576149906051323
4	0.061903168515610923	0.008288074953025661	0.04553293351522483	0.059046099199505805	0.04128593858587939	0.054052662737123884	0.02689763455252117	0.07037141901109367	0.046099199505804225	0.12318859231422614	0.01721963398625518	0.031041672029034	0.07189004144037477	0.04133741731229569	0.04118298113304677	0.07847931842166225	0.058248178940053026	0.08687035082752052	0.013410208231448353	0.023654474788293738
5	0.05384674783145865	0.008957298396437672	0.030552624128079072	0.044940928161437285	0.04617641759542869	0.05006306143985998	0.032354379552649866	0.07019124346863659	0.04965123162852951	0.13922421559290624	0.020900362925021235	0.03595789040179146	0.06612442408174822	0.056781035237188235	0.04599624205297161	0.0742323234923168	0.055107976628658205	0.08161952073305706	0.010939229363465548	0.026382847288358085
6	0.049522534812488736	0.01155697408046125	0.02123497464672724	0.06275256750148002	0.05091246042572907	0.027541118632725025	0.04965123162852951	0.04728321021337932	0.054721886180535896	0.12004839000283132	0.021466628915600628	0.029703225142209983	0.06501763146379759	0.06244369514298216	0.0790713237754498	0.06795191886952717	0.047308949576587475	0.06926462639314303	0.02208437363259633	0.04046227896321845
7	0.045352757972767756	0.01070757509459216	0.016344495637177936	0.05621476924660884	0.04355100254819696	0.03443926797251036	0.04089984813775707	0.03611232658104038	0.0660214666289156	0.13332990141823892	0.01830068724099766	0.03917531080281074	0.02061722992973154	0.06542946127512805	0.06486319528454866	0.11392242155929062	0.097629404648529	0.05328048184087926	0.006717973797328254	0.037090422382950246
8	0.0	0.0	0.0	0.0	0.2467117963501583	0.0	0.0	0.001904712877403413	0.0	0.018326426604205814	0.0035520321227252836	0.0	0.0	0.0	0.0	0.0	0.0	5.1478726416308464e-05	0.6738565287894778	0.05559702452961314
