Position	A	C	D	E	F	G	H	I	K	L	M	N	P	Q	R	S	T	V	W	Y
0	0.018585902309034587	0.007142180799978357	0.16341796637223208	0.19319057989638427	0.04900780499682119	0.003652251545443478	0.049927631311969915	0.026363845415071623	0.005370162457559485	0.04586957403925494	0.03749644919988637	0.07880747223612483	0.0015420617636316908	0.04800681753621816	0.007101600227251207	0.09870547973000392	0.08218918663005398	0.03476402396959163	0.0065334722090711105	0.04232553735441719
1	0.09940887632394119	0.0035034561121105954	8.116114545429952e-05	0.0002705371515143317	0.12858630811476185	0.019154030327214685	0.0025971566545375845	0.0736402126422011	0.00013526857575716584	0.11677736145116129	0.031991018166569726	0.022278734427205217	0.01585347707873984	0.011903634666630594	0.0002705371515143317	0.09521555047546905	0.12076778443599767	0.13993534162078808	0.016773303393888567	0.10085625008454285
2	0.07016381024524193	0.016015799369648438	0.01164662437269198	0.01968157777266763	0.07999783570278789	0.01964099719994048	0.03550800113625604	0.06188537340890338	0.09813735171182382	0.10867477376330704	0.032505038754446956	0.042798977369567275	0.026715543712040254	0.05333639942105049	0.071448861714935	0.07928091225127491	0.038483909802913684	0.053525775427110525	0.024104860199926956	0.05644757666346531
3	0.060383892217998836	0.00661463335452541	0.07132711999675355	0.08877676626942795	0.035142775981711685	0.061154923099814684	0.027716531172643284	0.03085476213020953	0.05943701218769867	0.09294303840274866	0.01600227251207272	0.035670323427164634	0.097461008833038	0.04879137527560972	0.05320113084529333	0.09064347261487683	0.04642417519985932	0.04140571103926847	0.012255332963599225	0.023793742475685473
4	0.05042812504227143	0.007101600227251207	0.017409065699947244	0.034574647963531595	0.04650533634531362	0.0439622871210789	0.034588174821107306	0.07522285497855993	0.0787804185209734	0.11055500696633165	0.0171250016908572	0.02146712297266222	0.08026837285430222	0.04231201049684148	0.088249218823975	0.06422551976950235	0.04797976382106673	0.09026472060275677	0.01928929890297185	0.029691452378697903
5	0.051686122796813075	0.0111731843575419	0.01746317313025011	0.03876797381200373	0.06164188997254048	0.038930296102912335	0.04233906421199291	0.06559173238464973	0.06344096203011078	0.12082189186630055	0.022522217863568113	0.028149390615066213	0.06306221001799073	0.0449362208665305	0.0833524963815656	0.062196491133144856	0.05849013215739852	0.07807702192703612	0.014108512451472398	0.03324901592111137
6	0.08007899684824218	0.011037915781784733	0.010131616324211723	0.043245363669565925	0.06041094593315027	0.01912697661206325	0.06487480893313674	0.058368390439217065	0.039160252681699516	0.1016272809663587	0.024902944796894234	0.033573660502928565	0.04545024145440773	0.04751985066349236	0.057583832699825505	0.07634558415734441	0.059085313890730046	0.08827627253912644	0.03132820214535961	0.047871548960460995
7	0.0690816616391846	0.013729760439352335	0.008075533972702801	0.07175997943917649	0.049927631311969915	0.044097555696836065	0.03703653604231201	0.02245458357568953	0.06269698486344637	0.1250287445723484	0.01686799139691858	0.03853801723321655	0.055527750348316585	0.07648085273310157	0.06234528656647774	0.09797502942091522	0.05927468989679008	0.0337630365089886	0.007277449375735523	0.04806092496652103
8	0.0	0.0	0.0	0.0	0.0	0.0	0.0004463862999986473	0.0	0.024713568790834202	0.0	0.0	0.0	0.0	0.0	0.9747859374788643	0.0	0.0	0.0	0.0	5.410743030286634e-05
