Position	A	C	D	E	F	G	H	I	K	L	M	N	P	Q	R	S	T	V	W	Y
0	0.08605693975308061	0.009533112855579225	0.004542940200313063	0.01754798921934398	0.0713453458401497	0.03456636105782245	0.04783033412972095	0.05336189344098297	0.03317758659244177	0.14106653171231184	0.04119246295620653	0.023868089964339097	0.0014123130156413666	0.0434757023314934	0.053703202419762966	0.14170207256935044	0.06948580036955523	0.07461720432638554	0.008238492591241306	0.04327562465427754
1	0.0073557969564654515	0.0	0.0	0.0	0.0	0.0	0.0	1.1769275130344722e-05	0.0	0.0	0.0	0.0	0.992385278990667	0.0	0.0	5.884637565172361e-05	2.3538550260689445e-05	0.0001647698518248261	0.0	0.0
2	0.12043499240881754	0.007273412030553038	0.013899513928937117	0.02093754045688326	0.06584909435427871	0.034601668883213484	0.037402756364235526	0.046465098214600965	0.048312874410065085	0.1066060941306625	0.028069721185872164	0.033660126872785905	0.02666917744536114	0.040804076876905154	0.0823966951875434	0.09746136735438464	0.043875857685925126	0.07831275671731378	0.0198429978697612	0.04712417762190027
3	0.08078430449468617	0.008085492014546823	0.04475855332070098	0.06539009262419528	0.026986947873880448	0.07206327162310074	0.02076100132992809	0.028269798863088023	0.039121070533265856	0.08291454329327856	0.013322819447550226	0.02403285981616392	0.18643708733979075	0.043228547553756165	0.03424859062930314	0.10299292666564666	0.05247919780620711	0.046794637918250614	0.008579801570021302	0.018748455282639142
4	0.07945437640495721	0.007061565078206833	0.017724528346299152	0.02849341509056457	0.034236821354172796	0.06411901091011804	0.02724587192674803	0.05595113396965881	0.034036743676956936	0.10312238869208046	0.015759059399531584	0.021832005366789458	0.16254545882519095	0.036931985359021736	0.041110078030294116	0.08792825449880542	0.0656843245024539	0.087845869572893	0.010298115739051632	0.01861899325620535
5	0.07770075441053585	0.007049795803076488	0.015311826944578484	0.030788423740981792	0.04122777078159756	0.06504878364541528	0.030658961714548003	0.04980757235161886	0.035037132063036235	0.1069474031094425	0.017359680817258465	0.02350324243529841	0.1270257864818106	0.04365224145844857	0.05427989690114986	0.09651982534395706	0.07386397071804347	0.07743006108253793	0.008214954040980616	0.01857191615568397
6	0.0889757199854061	0.009568420680970259	0.016088599103181236	0.03860322242753069	0.032341968058187294	0.029564419127425943	0.03514305553920934	0.05004295785422576	0.025586404133369427	0.10917179610907764	0.020749232054797746	0.02746948815422458	0.14578601103958008	0.044334859416008565	0.040968846728729975	0.09361281438676192	0.07059211223180764	0.08950533736627161	0.008356185342544753	0.023538550260689444
7	0.1394776795697153	0.007967799263243376	0.011110195723045418	0.06567255522732354	0.01719491096543364	0.03659067638024174	0.018301222827686044	0.02916426377299422	0.03347181847070039	0.06636694246001389	0.01183989078112679	0.01911330281167983	0.132298421740205	0.05052549813456989	0.028116798286393543	0.14473854555297938	0.08835194840349783	0.0787129120717455	0.0026127790789365283	0.01837183847846811
8	0.3721091717961091	0.03036472983628938	1.1769275130344722e-05	0.00038838607930137585	0.00466063295161651	0.003060011533889628	3.5307825391034166e-05	0.04807748890745819	5.884637565172361e-05	0.11699836407075688	0.013664128426330222	0.0	0.09394235409041157	1.1769275130344722e-05	0.0	0.06305977614838702	0.07632374922028552	0.17649204985464945	0.0	0.0007414643332117175
