Position	A	C	D	E	F	G	H	I	K	L	M	N	P	Q	R	S	T	V	W	Y
0	0.1548931004249005	0.0032103594793282523	0.0003507115397585486	0.007648209347811425	0.012908882444189654	0.07680582720712215	0.025966142847507926	0.03188777230727727	0.12547379780130843	0.03617724421663182	0.01605179739664126	0.01340797194307682	0.0007823565117690699	0.04332636406555608	0.10319012612126525	0.19337694746071357	0.07501180279220342	0.06254805422539961	0.0008498010386457139	0.016132730828893237
1	0.07467458015782019	5.395562150131517e-05	0.0	0.0	0.00014837795912861672	0.003938760369596007	0.0	0.10103190126121266	0.0	0.0885951305051595	0.015363863222499495	0.000323733729007891	0.0	0.037377756795036084	0.0	0.20639374114790585	0.252512308626155	0.21957240169960207	0.0	1.3488905375328792e-05
2	0.09401767046604168	0.00859243272408444	0.03271059553517232	0.016362042220273824	0.08867606393741148	0.03447764213934039	0.024819585890604977	0.06993997437107978	0.028421123625817765	0.13513185405004383	0.040385782693734405	0.0532676873271734	0.0253456532002428	0.04916706009307345	0.009307344708976867	0.10785728738112903	0.03563768800161867	0.058784649625682875	0.0173332434072975	0.0697646186012005
3	0.06513792405746274	0.003642004451338774	0.07807378431240306	0.09513724961219397	0.028502057058069737	0.06523234639509004	0.024617252309975045	0.023915829230457947	0.06351925541242329	0.06017400687934174	0.010211101369123895	0.04522829972347744	0.11586969717407432	0.05058339515748297	0.03829500236055844	0.11591016389020031	0.057719026101031905	0.031483105146017404	0.007823565117690699	0.018924934241586297
4	0.061846631145882514	0.006407230053281176	0.03204963917178121	0.057705537195656575	0.04659067916638565	0.05982329533958319	0.027989478653807243	0.06239967626627099	0.053658865583057935	0.08288932353139543	0.01517501854724489	0.03291292911580225	0.11789303298037364	0.04274634113441694	0.03061981520199636	0.10231334727186889	0.05709853645376678	0.07340662305253928	0.011708369865785391	0.024765630269103663
5	0.06319552168341538	0.00424900519322857	0.015579685708504754	0.03547582113711472	0.049544749443582656	0.045484588925608686	0.025494031159371416	0.07532204761583597	0.038632224994941664	0.12927766911715113	0.024671207931476362	0.03281850677817495	0.08129763269710663	0.05280906454441222	0.031078437984757536	0.09667498482498145	0.07928778579618263	0.08717879544074998	0.007985431982194644	0.023942807041208606
6	0.053955621501315165	0.0062588520941525595	0.015714574762258043	0.03624468874350847	0.060781007621231536	0.015808997099885345	0.04096580562487354	0.08264652323463952	0.026303365481891144	0.17913266338436637	0.03548931004249005	0.028609968301072368	0.06941390706144196	0.042233762730154445	0.023416739731570782	0.07497133607607742	0.06619005867673838	0.09587913940783706	0.013664261145208067	0.03231941727928778
7	0.05506171174209213	0.008349632427328522	0.01072367977338639	0.08650435017198355	0.043177986106427466	0.049598705065083966	0.030012814460106563	0.02164969312740271	0.07873474067579415	0.11608551966007959	0.0191137789168409	0.045241788628852767	0.060807985431982195	0.07795238416402508	0.0585148715181763	0.09562285020570581	0.06091589667498482	0.03288595130505159	0.006515141296283807	0.04253051864841168
8	0.0	0.0	0.0	0.0	0.0	0.0	0.0035880488298374587	0.0	0.8179807108653133	0.0	0.0	0.0	0.0	1.3488905375328792e-05	0.146503001281446	0.0	0.0	0.0	0.0	0.03191475011802792
