Position	A	C	D	E	F	G	H	I	K	L	M	N	P	Q	R	S	T	V	W	Y
0	0.0517071050343792	0.00431715798624832	0.05242827787876393	0.08738046313127322	0.07187030743697147	0.03349996048367976	0.06531059827708843	0.032462657077372954	0.01995574172133091	0.07514028293685292	0.03195882399430965	0.062653125740931	0.0026377143760373035	0.0621492926578677	0.030980795068363234	0.1240713664743539	0.07063542242946337	0.04207500197581601	0.013465186121868332	0.06530071919702837
1	0.0037935667430648856	0.0	1.9758160120129615e-05	0.01810835375009879	0.0007409310045048605	0.0001481862009009721	0.4339188334782265	0.00026673516162174977	0.08133446613451355	0.0036552596222239786	0.002489528175136331	0.001126215126847388	0.04732079348771043	0.12982099106931164	0.27259345609736824	0.0007014146842646013	5.927448036038884e-05	0.0009483916857662214	1.9758160120129615e-05	0.0029340867778392477
2	0.08638267604520668	0.008169999209673595	0.1111890460760294	0.06738520508970204	0.05726902710819568	0.02594246423773018	0.03865684027503359	0.057901288232039834	0.019797676440369873	0.10161621749782661	0.03133644195052557	0.043823599146447484	0.02688097684343634	0.051460128032877576	0.013840591164150795	0.09726942227139809	0.05021536394530941	0.05847427487552359	0.012566189836402434	0.03982257172212124
3	0.061625701414684264	0.0061250296372401805	0.07767920651228957	0.1173931083537501	0.027187228325298348	0.07096143207144551	0.022534181617007824	0.02714771200505809	0.04905951157828183	0.0867679601675492	0.013761558523670276	0.03162293527226745	0.11237453568323717	0.06274203746147158	0.03483363629178851	0.08821030585631866	0.04545364735635818	0.038390105113411836	0.008308306330514503	0.01782186042835691
4	0.07078360863036434	0.005522405753576227	0.039802813562001105	0.06532047735714851	0.03837034695329171	0.07203825179799257	0.035475776495692724	0.054680708132458705	0.04739982612819094	0.1040563502726626	0.01706117126373192	0.036888484944281985	0.08070220501066941	0.049652256381885716	0.03886430095629495	0.08361653362838853	0.05746660870939698	0.06969690982375722	0.008614557812376512	0.02398640638583735
5	0.06917331858057378	0.006599225480123291	0.03303564372085671	0.056597249664111275	0.033411048763139176	0.060904528570299536	0.03845925867383229	0.060104323085434286	0.04103769856950921	0.09052201059037382	0.015727495455623172	0.03922982691851735	0.08804236149529755	0.05848415395558366	0.03624634474037777	0.0950466292578835	0.07003279854579941	0.0823322532205801	0.0055421639136963565	0.019471666798387733
6	0.06029202560657552	0.008258910930214178	0.03488303169208883	0.08435746463289338	0.03800482099106931	0.019323480597486762	0.04983995890302695	0.05253694775942464	0.030990674148423297	0.11187070260017387	0.022968861139650677	0.03962499012091994	0.06753339129060303	0.07386588160910457	0.03286769935983561	0.07437959377222793	0.06500434679522643	0.08654074132616771	0.013228088200426777	0.0336283885244606
7	0.12950486050738955	0.012842804078084248	0.017436576306014383	0.09257685924286731	0.02042993756421402	0.0322255591559314	0.02079546352643642	0.03845925867383229	0.041462499012091994	0.07325337864538055	0.012368608235201138	0.025132379672804867	0.04646131352248479	0.055095629494981424	0.03178100055322848	0.1391468426460128	0.10155694301746622	0.08741010037145341	0.002499407255196396	0.01956057851892832
8	0.026149924918991544	0.0032008219394609972	0.0	0.0	0.052774045680866195	0.0	9.879080060064807e-06	0.07285821544297795	0.0	0.6803228483363629	0.06652572512447641	0.0	0.00039516320240259227	0.0	0.0	0.0001383071208409073	0.0037738085829447563	0.09232988224136568	0.0004741958428831107	0.0010471824863668695
