Position	A	C	D	E	F	G	H	I	K	L	M	N	P	Q	R	S	T	V	W	Y
0	0.06856813598386632	0.005538981979721378	0.008661629538758934	0.02461873030919787	0.09048243046068345	0.03773199133837046	0.044488434122359456	0.051161234561017094	0.07650486519642011	0.06962760569139692	0.023429150286707372	0.030324996979581974	0.0017471956580329179	0.039469893402477675	0.09882807780596835	0.123549037648349	0.05266679677698163	0.06210908820549995	0.007964609994330909	0.08252711406027825
1	0.041328612187619074	3.717437570282804e-05	0.0	0.00042750532058252245	0.023382682317078837	0.0026207934870493767	0.04990659938104664	0.0032062899043689185	0.03114283324504419	0.012248956794081839	0.002723023020232154	0.0014590942463360006	0.0034200425646601796	0.016551890781684186	0.6482560570998411	0.032193009358649084	0.02390312357691843	0.015269374819936617	0.001013001737902064	0.09090993578126598
2	0.07656062675997435	0.00786238046114813	0.06328008104013903	0.027555505989721285	0.07336363044953113	0.026198641276568062	0.04028772966793989	0.05178390535403946	0.06757372143381567	0.07563126736740365	0.025752548768134126	0.06293621806488787	0.06411650449345266	0.0410962723394764	0.042499605022258156	0.08955307106811275	0.04252748580403528	0.04186764063531008	0.012973857120286985	0.06657930688376502
3	0.047796953559911155	0.0034479233464373006	0.10655105435823087	0.10639306326149385	0.021152219774909154	0.07591936877910056	0.02514846516296317	0.019934758970641536	0.048187284504790845	0.05799202609641174	0.010455293166420387	0.03874499307627253	0.1699705393072555	0.052638915995204504	0.034228306428378916	0.0885493629241364	0.04063159264319105	0.026180054088716646	0.009349355489261251	0.01672846906627262
4	0.0544883411864202	0.005390284476910066	0.02620793487049377	0.04220221001663553	0.046151987435061013	0.05592884824490479	0.05271326474661016	0.056886088419252606	0.07937658571946357	0.08875382199050194	0.01311326102917259	0.03353128688395089	0.08757353556193716	0.045204040854638895	0.07732270146188232	0.07137480134942983	0.046951236512671815	0.07182089385786378	0.013717344634343548	0.031291530747855505
5	0.061003150528340815	0.0058363769853440025	0.019535134431836135	0.04014832575905428	0.04039925279504837	0.0494419196847613	0.03490673878495553	0.08278733469019804	0.04328956050594325	0.10083549409392106	0.01724891032611221	0.02968373899870819	0.11169970539307256	0.048791368109961805	0.04778765996598545	0.0726573173111774	0.06525961654631462	0.09715523089934108	0.007314058419531417	0.02421910577039247
6	0.04230443954981831	0.006115184803115212	0.011700634752465126	0.04502746257005046	0.040891813273110846	0.014507300118028643	0.055696508396762115	0.05066867408295462	0.05062220611332609	0.1433072183344021	0.026960715978476036	0.03104989730578712	0.06329866822799045	0.07775020678246485	0.09314039832343565	0.06598451687251977	0.0568675012314012	0.07485060547764426	0.015455246698450758	0.033800801107796395
7	0.0645625970018866	0.010176485348649176	0.014479419336251522	0.08794527931896544	0.038298900567838585	0.029293408053828497	0.037258018048159404	0.034460646276521595	0.0639120454270871	0.1082982500162638	0.015873458425107574	0.031226475590375554	0.01781581955558034	0.07219263761489206	0.05446046040464308	0.11393016793524224	0.08858653729983922	0.06652354532021078	0.005130063846990269	0.045575784611667176
8	0.0016449661248501407	0.0003252757873997454	0.0	0.0	0.17015641118576966	0.0	0.005418165258687187	0.04675607104023197	0.0006133771990966627	0.44311855837771025	0.06883765020771182	0.0	0.0	2.788078177712103e-05	0.0005483220416167136	0.0	0.00012081672103419114	0.06727632642819305	0.01426566667596026	0.18089051216996124
