Position	A	C	D	E	F	G	H	I	K	L	M	N	P	Q	R	S	T	V	W	Y
0	0.05724579150480147	0.008679821018757132	0.0461556213700527	0.07710552969986025	0.05216867315409567	0.04529661397233227	0.052796902444965835	0.041719553316153186	0.03688603407823378	0.08313140248983936	0.02662922932933318	0.049322409836275755	0.011987640550277574	0.06731028116466017	0.04777106811800454	0.11599164070412965	0.06624613767196175	0.05168147492852289	0.010500403861686988	0.05137377078605587
1	1.2821005936125748e-05	0.0	0.0	0.009974742618305832	0.00017949408310576049	0.0	0.6484993012551765	0.0	0.023385514827493365	0.0001282100593612575	0.00028206213059476647	1.2821005936125748e-05	0.0010385014808261856	0.10967088477761965	0.20367450030129364	1.2821005936125748e-05	0.0	0.0	0.0	0.0031283254484146825
2	0.06963088323909894	0.012103029603702707	0.11723527827993384	0.06746413323589369	0.05411746605638679	0.03628344679923587	0.03220636691154788	0.05301485954587997	0.02014180032565355	0.11510699129453697	0.027603625780478737	0.04101439798966627	0.0333602574457992	0.05575855481621088	0.013090247060784389	0.10047822352141748	0.053143069605241226	0.051758400964139646	0.012923573983614755	0.03356539354077721
3	0.061297229380617206	0.007397720425144557	0.08055438029667808	0.11190173981050554	0.026706155364949934	0.06548969832173032	0.02455222636768081	0.030026795902406502	0.05216867315409567	0.08228521609805506	0.01338513019731528	0.03575778555585471	0.1071066835903945	0.05898944831211457	0.039514340295139554	0.08711873533597446	0.047181301844942757	0.04304011692757414	0.00823108581099273	0.017295537007833636
4	0.06786158441991359	0.008256727822864981	0.054873905406618205	0.07610549123684245	0.0372450222444453	0.0658230444760696	0.028783158326602304	0.05802787286690514	0.0389886790517584	0.11032475608036206	0.01893662576765773	0.039039963075502906	0.07188738028385708	0.04825826634357732	0.02629588317499391	0.0865930740925933	0.05883559624088106	0.07357975306742567	0.007884918650717335	0.02239829737041168
5	0.06725899714091568	0.007859276638845085	0.04518122491890714	0.06752823826557432	0.030565278151723784	0.05878431221713656	0.036693718989191895	0.060566432042258034	0.04241188763670398	0.09093939510493994	0.016154467479518445	0.040911829942177264	0.08523404746336398	0.06481018500711566	0.02934728258779184	0.08513147941587497	0.06091259920253343	0.08279805633550008	0.006833596163955024	0.020077695295972923
6	0.0548226213828737	0.008872136107799017	0.0505404054002077	0.10247830044745311	0.04236060361295947	0.023706039975896508	0.046899239714347986	0.045604318114799286	0.03534751336589869	0.10699129453696937	0.020154621331589677	0.04142467017962229	0.06264343500391041	0.07438747644140159	0.0338602766773081	0.06998987140531046	0.058156082926266395	0.0710027308742644	0.016295498544815826	0.03446286395630601
7	0.07282331371719425	0.01269279587676449	0.022898316601920588	0.08168262881905715	0.03539879738964319	0.036783466030744776	0.034001307742605485	0.041257997102452655	0.057732989730374246	0.11720963626806159	0.015910868366732053	0.03319358436862956	0.0252958447119761	0.05986127671577112	0.04961729297280665	0.10373475902919344	0.0968498788414939	0.06741284921214918	0.0055899585881508266	0.030052437914278755
8	0.0005256612433811557	8.974704155288024e-05	0.0	0.0	0.15091606087413617	0.0	0.0	0.12671000166673077	0.0	0.5376617049373694	0.054963652448171085	0.0	1.2821005936125748e-05	0.0	0.0	0.0	6.410502968062875e-05	0.08536225752272524	0.03053963613985153	0.013154352090465019
