Position	A	C	D	E	F	G	H	I	K	L	M	N	P	Q	R	S	T	V	W	Y
0	0.12029144899642563	0.006117679406103932	0.030777426450371185	0.15704907891119055	0.014709925762991476	0.05676037943359912	0.021910228210063238	0.01799216387132252	0.07145312070387683	0.04299560076986527	0.024659747044267252	0.03337228485015122	0.005997387957107506	0.09124965631014573	0.05174250756117679	0.12898680230959583	0.060953395655760245	0.03916345889469343	0.005052240857849877	0.018765466043442397
1	0.0	0.0	0.013008660984327743	0.9822827880120979	0.0	0.0	0.0	0.0	0.0	0.0	0.0	0.0	0.0	0.004708551003574374	0.0	0.0	0.0	0.0	0.0	0.0
2	0.09014984877646412	0.012338465768490514	0.0480134726422876	0.0678100082485565	0.04564201264778664	0.04095064613692604	0.027374896893043718	0.06875515534781414	0.062379708551003575	0.10205870222711026	0.03619054165521034	0.0705767115754743	0.01525982952983228	0.05267047016772065	0.03015878471267528	0.07251855925213088	0.04593414902392082	0.06708825955457795	0.012682155622766016	0.03144762166620842
3	0.06198446521858675	0.00577398955182843	0.07265603519384108	0.1266497113005224	0.024917514434973878	0.06430437173494638	0.020655760241957657	0.03433461644212263	0.06811932911740445	0.08447896618091834	0.01529419851525983	0.03866510860599395	0.0774676931536981	0.06423563376409129	0.04351113555127853	0.08308702227110255	0.04686211163046467	0.0434595820731372	0.007097195490789112	0.01644555952708276
4	0.0626374759417102	0.008540692878746219	0.04504055540280451	0.07342933736596095	0.04160365686004949	0.05146755567775639	0.028784025295573275	0.06083310420676381	0.06722573549628814	0.10956832554302998	0.016359637063513885	0.03254742919989002	0.06696796810558152	0.04825405554028045	0.04923357162496563	0.07640225460544404	0.0527735771240033	0.07434011547979104	0.009210888094583447	0.024780038493263677
5	0.06937379708551003	0.006805059114654935	0.028113830079736047	0.05633076711575474	0.03560626890294199	0.05851319769040418	0.028784025295573275	0.05918339290624141	0.07440885345064614	0.10229928512510311	0.01988245806983778	0.036482678031344515	0.0629811657959857	0.06480272202364586	0.05763678856200165	0.07805196590596646	0.05273920813857575	0.07360118229309871	0.010413802584547703	0.023989551828430024
6	0.05198309045916964	0.008489139400604894	0.02343964806158922	0.07062826505361562	0.035778113830079734	0.025553340665383558	0.042961231784437726	0.04703395655760242	0.09870772614792411	0.10585647511685455	0.019366923288424525	0.036963843827330214	0.0535984327742645	0.07830973329667308	0.08172944734671432	0.06882389331866923	0.048597745394555955	0.06351388507011273	0.010894968380533407	0.027770140225460545
7	0.06334204014297498	0.012871185042617542	0.02684217761891669	0.08626615342315094	0.032117816882045645	0.049645999450096234	0.03574374484465218	0.034351800934836405	0.09075130602144625	0.1013369535331317	0.01742507561176794	0.03909472092383833	0.020088671982403078	0.06837709650811108	0.07148748968930436	0.09645655760241957	0.06631495738245807	0.05043648611492989	0.007372147374209513	0.029677618916689578
8	0.00024058289799285126	1.718449271377509e-05	0.0	0.0	0.24044542205114106	0.0	0.0016153423150948585	0.0676037943359912	0.0	0.25948583997800384	0.054337365960956834	0.0	1.718449271377509e-05	0.0	0.0	0.0	1.718449271377509e-05	0.02914489964256255	0.13180505911465493	0.21527014022546054
