Position	A	C	D	E	F	G	H	I	K	L	M	N	P	Q	R	S	T	V	W	Y
0	0.10141064889849331	0.002965364067471037	0.0003481601536706885	0.005846689477159494	0.11576925385677411	0.06511795425895912	0.02368689597214719	0.05723032594993697	0.09546791524101086	0.08855273425775857	0.021033675490725733	0.02014526682273846	0.0006242871720991656	0.03185065129959781	0.061468275406687076	0.11560117654120895	0.04845428897292755	0.06378534125697821	0.0062068551533705505	0.07443423975028512
1	0.004213938411669368	2.4011045080737138e-05	0.0	0.0	0.00030013806350921425	1.2005522540368569e-05	0.0	0.0664625727834804	0.0	0.7348100126057987	0.08004081877663725	0.0	0.0	0.03919803109430338	0.0	0.0020289333093222884	0.01276187046041179	0.06014766792724653	0.0	0.0
2	0.09315084939071973	0.004394021249774897	0.08861276187046041	0.024131100306140824	0.0713128038897893	0.033519418932709044	0.022126178041899272	0.05880304940272525	0.020841587130079837	0.17069451947896033	0.041178942313464195	0.041010864997899035	0.043532024731376434	0.05398883486403746	0.006398943514016447	0.07205714628729215	0.03138243592052344	0.043940212497748966	0.02661624347199712	0.05230806170838586
3	0.05569361906476979	0.002233027192508554	0.14119695059727475	0.1952218020289333	0.009844528483102227	0.08521519899153611	0.021429857734557897	0.008487904436040578	0.04505672609400324	0.02476739300078036	0.004345999159613422	0.041599135602377095	0.13459391320007202	0.04748184164715769	0.02215018908698001	0.09369109790503631	0.03881385437301159	0.015078936310702923	0.004802209016147428	0.008295816075394681
4	0.05644996698481301	0.005630590071432859	0.046293294915661205	0.07419412929947776	0.047385797466834745	0.07546671468875683	0.03884987094063269	0.06442163395161775	0.06173239690257518	0.10838585749444744	0.015198991536106609	0.0357884626928387	0.05352061948496308	0.04594513476199052	0.0357884626928387	0.06257278348040099	0.04426436160633892	0.07982471937091062	0.013158052704243953	0.03512815895311844
5	0.039882345879104386	0.005006302899333693	0.027324569301878866	0.04284770994657543	0.04086679872741461	0.028008884086679873	0.016351521699981993	0.11246773515817277	0.023374752386097604	0.2053064409628429	0.02301458670988655	0.03408367849210637	0.0799447745963143	0.044864637733357346	0.010600876403145446	0.06383336334713968	0.060039618224383216	0.12049942973767934	0.0041058887088060506	0.017576084999099587
6	0.06265682213818356	0.006026772315265022	0.020757548472297258	0.07217720151269584	0.055189387118074314	0.005954739180022811	0.05348460291734198	0.061468275406687076	0.023638873881985715	0.11502491145927127	0.02560777957860616	0.029593613062008525	0.11130319947175701	0.06723092622606398	0.021093703103427577	0.05437301158532925	0.059871540908818056	0.09253856774116094	0.022690437601296597	0.03931808631970707
7	0.07274146107209316	0.006987214118494508	0.011417251935890509	0.10987454228945315	0.04086679872741461	0.04887448226184045	0.03676091001860856	0.012965964343598054	0.06804730175880905	0.08679992796686475	0.016735698421273787	0.0422834503871781	0.029737679332492946	0.08432679032354884	0.054336995017708146	0.11389639234047662	0.08378654180923224	0.0290293535026112	0.005030313944414431	0.045500930427996876
8	0.06882766072393301	0.0032414910858995136	0.0	0.0	0.0021850051023470794	1.2005522540368569e-05	0.0	0.09403925805870701	0.0	0.4304460051623747	0.021717990275526743	0.0	3.6016567621105706e-05	0.0	0.0	0.0007443423975028513	0.008259799507773577	0.37046641455069335	0.0	2.4011045080737138e-05
