Position	A	C	D	E	F	G	H	I	K	L	M	N	P	Q	R	S	T	V	W	Y
0	0.0693724653855929	0.0024199697227532406	0.015746378332983414	0.023536691824038367	0.0430953512271125	0.022210681017050288	0.029669491806358222	0.08057725670464214	0.0884007204658718	0.101019923312375	0.03238781396068378	0.021359824082566273	0.0013923113473374809	0.04612307590306861	0.08015735328242925	0.13134137043216904	0.05592450578472215	0.10559466059648386	0.0036465297192172117	0.046023625092544505
1	0.18869133783440334	0.0005083041426787628	0.0071825585378520835	0.0983900018785153	0.0008177066643093141	0.022531133628739073	0.0057902471905146025	0.010475485375205809	0.022166480656817353	0.034188978640175914	0.017912195984397274	0.023923444976076555	0.007746113130822016	0.3882780644662254	0.0005414544128534648	0.09717449197210958	0.0361337944904251	0.03655369791263799	3.3150270174701926e-05	0.0009613578350663558
2	0.048355194094831876	0.0032266262970043207	0.01476292031780059	0.0086190702454225	0.18522160955611788	0.007801363581113186	0.04359260527973303	0.06832270683006067	0.05368133750290065	0.12019182956341094	0.03394587665889477	0.032962418643711945	0.025404157043879907	0.03478568350332055	0.0332718211653425	0.041261036277445665	0.022232781197166755	0.04570317248085572	0.023625092544504237	0.15303269721648233
3	0.04427771086334353	0.0015691127882692243	0.073438898527023	0.125672674232295	0.019448158502491795	0.041669889609600316	0.01784589544404787	0.02738212316430379	0.05657646109815795	0.07251069096213134	0.011326342309689824	0.033426522426157776	0.1969678552880206	0.062002055316750834	0.030730300451948682	0.09001403361437396	0.04391305789142182	0.035791241698619844	0.0038454313402654233	0.011591544471087439
4	0.057891421815087794	0.0019337657601909456	0.017602793462766723	0.04615622617324331	0.06220095693779904	0.039968175740632286	0.0430622009569378	0.06521763152369692	0.05865387802910594	0.0958484811651215	0.013602660861686022	0.025348906593588738	0.0914947456821773	0.051526569941545024	0.04993535697315933	0.08021260373272042	0.06335016630385537	0.09108589235002265	0.012044598163475032	0.03286296783318784
5	0.06601323800788976	0.004022232781197167	0.015470126081527565	0.03192371017823795	0.06242195873896372	0.044255610683227066	0.037957059350033705	0.09659988728908141	0.03416687846005945	0.11421373084190636	0.013602660861686022	0.022951037050951965	0.10673281987248195	0.05243267732632021	0.020276915256859342	0.07563786644861156	0.05953788523376465	0.10723007392510249	0.00522669259754467	0.02932693901455297
6	0.04124998618738743	0.0036465297192172117	0.008585919975247798	0.0407527321347669	0.028122479198205465	0.008464368984607224	0.056753262539089695	0.0529188812888825	0.05049891156612926	0.13896593257235046	0.025647259025161056	0.032741416842547263	0.10717482347481132	0.0879476667734842	0.06052134324894748	0.08086455904615622	0.06390267080676708	0.08133971291866028	0.006873156016221532	0.0230283876813596
7	0.051449219311137384	0.003127175486480215	0.004386885753118888	0.06720664773417903	0.017812745173873167	0.01597843022420633	0.040940583665756876	0.028763384421583035	0.08656640551620495	0.1017050288959855	0.013635811131860725	0.03614484458048333	0.009569377990430622	0.08392543399228704	0.061670552615003815	0.13292153331049647	0.14902151452534337	0.07099682862415328	0.000884007204658718	0.023293589842757218
8	0.0027293722443837917	0.00023205189122291347	0.0	0.0	0.08332872912914241	0.0	0.0	0.3425859420754279	0.0	0.2849044719714466	0.016122081394963367	0.0	0.00036465297192172114	0.0	0.0	0.0	8.84007204658718e-05	0.26253908969358103	0.005801297280572837	0.001303910626871609
