Position	A	C	D	E	F	G	H	I	K	L	M	N	P	Q	R	S	T	V	W	Y
0	0.05757940784885564	0.01260381664870348	0.016674063272681165	0.036429341279401506	0.09837063336080644	0.021226145945603247	0.05030114753059025	0.05575350282127686	0.016623343688581753	0.1573067900843213	0.04992075064984467	0.03138274266151018	0.0011792303303112914	0.03948519622139098	0.023965003486971406	0.11862042731249604	0.07559754010017118	0.07236416661383377	0.009205604514042984	0.05541114562860584
1	0.06397007544538134	0.0	0.0	0.0	0.0	0.00015215875229823115	0.0	0.00016483864832308375	0.0	0.0	0.0	0.0	0.9315032016737462	0.0	0.0	0.0014708679388829012	0.0006466746972674824	0.0020921828441006784	0.0	0.0
2	0.11869650668864515	0.008711088569073733	0.020528751664236355	0.027578773854054398	0.07648513282191086	0.033512965193685414	0.0363786216953021	0.05022506815444113	0.042566410955430165	0.10661256577696063	0.02798453052684968	0.03476827490014582	0.028402967095669817	0.039231598300893934	0.055119508020034236	0.09457934444937552	0.045533506625245676	0.0805680593419134	0.020135674887465923	0.05238065047866607
3	0.0759145375007925	0.008165853040005071	0.05252012933493946	0.07405059278513916	0.028998922208837888	0.06956190959234135	0.020959868129081342	0.029569517529956256	0.038014328282508086	0.08475242503011475	0.013605528434666836	0.02447219932796551	0.17843149686172574	0.04342864388512014	0.03033031129144741	0.09838331325683129	0.05173397578139859	0.04791732707791796	0.00878716794522285	0.020401952703987827
4	0.07379699486464211	0.006631585620997908	0.01801813225131554	0.02984847524250301	0.03779877005008559	0.05873327838711723	0.0276041336461041	0.064172953781779	0.03437519812337539	0.10875546820516072	0.016826222024979395	0.02306473086920687	0.14728967222468775	0.03871172256387498	0.03872440245989983	0.08025106194129208	0.0649717872313447	0.09834527356875673	0.011031509541621758	0.02104862740125531
5	0.07786724148861979	0.0070373422937931905	0.01655994420845749	0.032828250808343375	0.04545742724909656	0.059988588093577634	0.028517086159893488	0.058492360362645025	0.03185189881442972	0.11394154567932543	0.017967412667216128	0.023914283902871997	0.12388258416280987	0.04399923920623851	0.041425220313193435	0.08835351550117289	0.07334051860774742	0.08650225068154441	0.008051733975781399	0.02002155582324225
6	0.08205160717682115	0.008279972104228745	0.01753629620237114	0.04181829708996386	0.036277182527103276	0.023559246814176125	0.03755785202561339	0.05541114562860584	0.024548278704114627	0.11224243961199518	0.02188550053889558	0.029113041273061562	0.1372218347809548	0.04486147213592848	0.03663221961579915	0.08685728777024028	0.06996766626513663	0.09615165155645723	0.010651112660876181	0.027375895517656755
7	0.12993089456666454	0.008635009192924618	0.011652824446839537	0.06998034616116147	0.023216889621505105	0.03663221961579915	0.0200342357192671	0.03176313954225576	0.03906675965257085	0.08315475813098333	0.014239523235909466	0.021860140746845877	0.1006276548532302	0.05425727509034426	0.03185189881442972	0.13244151397958537	0.08930450770303683	0.07615545552526469	0.0031699740062131492	0.02202497939516896
8	0.4369492170164205	0.028935522728713626	1.2679896024852597e-05	0.0008622329296899766	0.003803968807455779	0.0017244658593799532	8.875927217396817e-05	0.0483357636467381	0.00015215875229823115	0.05600710074177392	0.005604514042984847	0.0	0.0993977049388195	6.339948012426299e-05	5.0719584099410386e-05	0.05562670386102834	0.06672161288277437	0.1943320864768909	0.0	0.0013313890826095226
