Position	A	C	D	E	F	G	H	I	K	L	M	N	P	Q	R	S	T	V	W	Y
0	0.09783184122913309	0.0014587720433396469	0.00014117148806512713	0.002082279448960625	0.07713845393691987	0.027822547439502136	0.03316353540463278	0.05856263896568356	0.13607755020411044	0.06649177087867487	0.02076397303624578	0.01018787572203334	4.7057162688375704e-05	0.021116901756408596	0.11848993564933002	0.1397950660564921	0.04868063480112467	0.08118536992812019	0.0025175582038281003	0.05644506664470666
1	0.23402703433996447	0.0007764431843581991	0.0	0.0	0.0	0.008646753643989036	0.0	0.024081503005776266	2.3528581344187852e-05	0.009093796689528606	0.0015058292060280225	0.008587932190628566	4.7057162688375704e-05	0.006246838346881875	0.0	0.3736574003270473	0.22865075350281755	0.10465512981894756	0.0	0.0
2	0.10143171417479382	0.004799830594214322	0.05575097349505312	0.015140642094984882	0.09207910309047916	0.018469936355187466	0.03492817900544687	0.05782148865334165	0.037833958801454064	0.09837299860004942	0.03032834135265814	0.06260955495688388	0.016822935661094315	0.03793983741750291	0.02345799560015529	0.12188981565356517	0.051009964354199265	0.058727339035092876	0.01129371904521017	0.06929167205863322
3	0.05303342234979942	0.0011764290672093927	0.096067197628319	0.10878439584485254	0.016222956836817525	0.07835017587614555	0.023293295530745974	0.01831700057645024	0.053562815430043646	0.04548074773831512	0.0073409173793866096	0.042222039222145104	0.1667705845676035	0.045798383586461655	0.03521052198157712	0.1123136830464807	0.05492747314800654	0.024257967365857676	0.00449395903673988	0.012376033787042811
4	0.05177464324788537	0.0018234650541745585	0.01662294271966872	0.03769278731338894	0.046127783725280286	0.052480500688211	0.05629213086596944	0.057197981247720665	0.08022069809300848	0.07342093808453819	0.009940825617919367	0.027799018858157946	0.09499664717715846	0.051527593143771394	0.08184417020575745	0.08159712010164347	0.05419808712633672	0.08053833394115502	0.011517240567979955	0.032387092220274576
5	0.059009682011223134	0.002529322494500194	0.008752632260037882	0.024469724597955368	0.04971589238026893	0.043069068150535864	0.03811630177758432	0.08420879263084832	0.03924567368210534	0.12812488970977495	0.01981106549180617	0.027799018858157946	0.11459595543686693	0.04622189805065704	0.03413997153041658	0.08311471359834359	0.07450325282637084	0.09582014752420503	0.004188087479265437	0.02256390950907615
6	0.035881086549886476	0.0036704586896933048	0.0035528157829723657	0.0199522369798713	0.034892886133430584	0.008693810806677412	0.053951037022222745	0.06349187675729091	0.03755161582532381	0.20738091596767172	0.03597520087526323	0.022375680858322648	0.06723292119101679	0.067009399668247	0.0732209451431126	0.08209122030987141	0.0685858146183076	0.08640871498652988	0.006776231427126102	0.0213051304071621
7	0.05939790360340223	0.004811594884886416	0.007352681670058704	0.0906556239191558	0.038845687799254146	0.023681517122925072	0.03799865887086338	0.026834347023046247	0.0792207333858805	0.11047845370163406	0.0162700139995059	0.036622236862228395	0.01189369786948696	0.08073832688258062	0.06422126277896074	0.11617237038692751	0.09070268108184416	0.05643330235403456	0.002717551145253697	0.04495135465807089
8	0.0018469936355187465	0.0003529287201628178	0.0	0.0	0.022210980788913332	0.0	0.0	0.13720692210863147	0.0	0.496241309130266	0.04724539133912921	0.0	0.0	0.0	0.0	0.0	0.00014117148806512713	0.29389550957025046	1.1764290672093926e-05	0.0008470289283907627
