Position	A	C	D	E	F	G	H	I	K	L	M	N	P	Q	R	S	T	V	W	Y
0	0.11200534515746956	0.003614055334527895	0.00042518298053269353	0.004844048956783187	0.021714702220062564	0.05996598536155739	0.03847905973820877	0.05866006620706411	0.13003006651076623	0.060482278980775656	0.021380629878215446	0.011586236219515898	0.0024296170316153915	0.04329273848209676	0.1261730494730768	0.13003006651076623	0.05653415130440064	0.08380660248428341	0.0015185106447596199	0.03302760652352173
1	0.07949403225316609	0.00583108087587694	0.0005011085127706746	0.0054058978953442464	0.04800012148085158	0.03749202781911501	0.007319221307741367	0.06953260242354299	0.00614996811127646	0.15388586873993987	0.04043793846994868	0.01333252346098946	0.00021259149026634676	0.09559024508761807	0.0071370000303702125	0.14111519421751145	0.11505755155343639	0.11827679412032678	0.00950587663619522	0.04572235551371215
2	0.08420141525192092	0.01090290642937407	0.03931424059282656	0.026376529899474595	0.06945667689130501	0.04523643210738907	0.04610198317490206	0.05131047468642755	0.067877425820755	0.09818689829015702	0.02488838946761017	0.05884228748443526	0.020029155404379384	0.0523278768184165	0.05027788744799101	0.0958483918972272	0.035669815045403466	0.04708901509399581	0.012573268138609652	0.06348893005739971
3	0.061484496006317	0.003249612779785586	0.07294925137425214	0.08124031949463965	0.02807726182160537	0.0782488535244632	0.02666504692197892	0.02576912564157075	0.06544780878913961	0.05082455128010448	0.011191423451878398	0.05185713851854101	0.11069942600297628	0.05247972788289246	0.04464421295593282	0.10851277067452243	0.060330427916299695	0.033969083123272695	0.008488474504206275	0.02387098733562122
4	0.06060375983235643	0.0069699638594466545	0.041713487411546755	0.04880493212257418	0.0403316427248155	0.07606219819600936	0.03421204482643423	0.0595104321681295	0.048592340632307836	0.1034409451210253	0.01788805539526832	0.03750721292556261	0.07876514714368148	0.043976068272238586	0.04075682570534819	0.0890454642087041	0.06160597685789777	0.0738755428675555	0.01122179366477359	0.02511616606432411
5	0.061833753454611715	0.008488474504206275	0.02303580648100343	0.044477176785009266	0.04520606189449388	0.06333707899292373	0.031235763962705377	0.06440003644425547	0.04119719379232849	0.10641722598475416	0.021896923497433718	0.03665684696449722	0.07739848756339782	0.054970085340298236	0.04285237039511647	0.09059434506635891	0.06846964497221125	0.07281258541622376	0.01046253834239378	0.03425760014577702
6	0.06488595985057856	0.00938439578461445	0.02084915115254958	0.044917544871989554	0.04402162359158138	0.055835636407811216	0.04690679381662465	0.04610198317490206	0.04728642147781456	0.12354602605764266	0.023825432016278434	0.03919275974124579	0.0630789321833146	0.05944969174233911	0.05181158319919823	0.09378321742035411	0.058280438545874204	0.05926747046496796	0.010082910681203875	0.03749202781911501
7	0.05172047256051265	0.008351808546177909	0.02092507668478756	0.0647037385732074	0.04637531509095879	0.046846053390834266	0.03799313633188569	0.03456130227472894	0.07177999817778723	0.12968080906247154	0.01808546177908707	0.04358125550460109	0.02587542138670392	0.06339781941871413	0.0638989279314848	0.1070094451362104	0.06792298114009779	0.049716038509429954	0.0030370212895192397	0.044537917210799645
8	0.0	0.0	0.0	0.0	0.009672912807118779	0.0	0.0020348042639778906	0.0	0.0	7.592553223798099e-05	0.00033407234184711635	0.0	0.0	0.0	0.0	0.0	0.0	0.0	0.0	0.9878822850548182
