Position	A	C	D	E	F	G	H	I	K	L	M	N	P	Q	R	S	T	V	W	Y
0	0.10539420629169222	0.0013285764721184755	2.787223368080718e-05	0.0008640392441050226	0.004914803872382333	0.03587156474719884	0.03412490476986826	0.02587472360034933	0.26107921288812086	0.02638571455116413	0.012839808982291841	0.0040507646282773105	0.0010219819016295967	0.022093390564319824	0.2622870096809558	0.1212256350223907	0.03202519649924745	0.04002452756563911	0.0004831187171339911	0.008082947767434082
1	0.09364141442295186	0.002489919542152108	1.858148912053812e-05	0.000157942657524574	0.03083598119553301	0.02915435643012431	0.0015980080643662783	0.06733931657283014	0.003112399427690135	0.08013267183232065	0.025177917758329154	0.005825296839288701	0.00014865191296430496	0.05694297340988907	0.0010498541353104037	0.20890239143764983	0.18896445361131242	0.16753999665533195	0.004403812921567534	0.032564059683743055
2	0.03925339576713678	0.0022297786944645744	0.0010591448798706728	0.0029080030473642156	0.06853782262110486	0.010935206347436683	0.047066911942323056	0.034375754872995525	0.21874128992697475	0.06682832562201535	0.02284594087370162	0.036326811230652026	0.011752791868740361	0.03166285746139696	0.2651857219837598	0.04617500046453723	0.01235669026515785	0.021666016314547447	0.00781351617518628	0.052279019640634
3	0.06844491517550216	0.003874240481632198	0.05212107698310943	0.07794934686065741	0.02292026683018377	0.057500418083505214	0.022381403645688164	0.029024286006280542	0.08446215879740603	0.059916011669175165	0.012384562498838656	0.04364791794414404	0.12825872865451438	0.04884144415333445	0.05704517160005203	0.11950684727874092	0.05366334058011409	0.03520263113885947	0.0071167103331661	0.01573852128509579
4	0.0658249252095063	0.004310905475964844	0.014707248638905922	0.03353029711801104	0.03497965326941301	0.05899622795770853	0.048962223832617946	0.05279930133600907	0.092368582418195	0.07313674117843803	0.013007042384376683	0.029210100897485925	0.11652451827489455	0.04015459798948288	0.07567311444339149	0.09932735009383652	0.055763048850734895	0.06261032759165319	0.008240890424958656	0.01987290261441552
5	0.0499377520114462	0.0033539587862571308	0.01037776167382054	0.02379359681884906	0.04882286266421391	0.04409387368303696	0.036986454094431125	0.06288904992846127	0.07207759629856737	0.10920341156140254	0.019454819109203412	0.03135626289090808	0.07679729453518405	0.047029748964081984	0.08452719400932791	0.09196908040210343	0.0737778025530966	0.07505063455785346	0.010786554434472378	0.027714291023282607
6	0.05688722894252746	0.006642882360592378	0.00819443670215731	0.029089321218202426	0.03381831019937938	0.02402586543285579	0.04149246520616162	0.06461712841667132	0.05703588085549176	0.13682479513908244	0.030761655239050858	0.030575840347845475	0.09492353717226898	0.048990096066298755	0.07419588605830871	0.08865228459408737	0.06096586580448557	0.0826969173309549	0.008045784789193006	0.021563818124384487
7	0.06206217366259732	0.006438485980266458	0.007980749577271122	0.07830239515394764	0.03734879313228162	0.0401174350112418	0.03291710797703328	0.028030176338331755	0.0731460319229983	0.09784083096419346	0.01569206756229444	0.043016147314045745	0.06274968876005724	0.07300667075459427	0.05534496534552279	0.12048237545756917	0.07346191723804746	0.049101585001021984	0.005184235464630135	0.037776167382054
8	0.06837987996358028	0.0011055986026720181	0.0	0.0026664436887972203	0.011046695282159912	0.002053254547819462	0.008640392441050226	0.023496292992920453	0.5968095583180036	0.08935838118066781	0.01205938643922924	0.00026943159224780276	0.005249270676552019	0.00523997993199175	0.06332571492279392	0.015385472991805564	0.007636992028541167	0.053226675585781445	6.503521192188342e-05	0.03398554360146422
