Position	A	C	D	E	F	G	H	I	K	L	M	N	P	Q	R	S	T	V	W	Y
0	0.07530854388473966	0.007296466973886329	0.006237088828857461	0.017387043805286297	0.08325387997245617	0.027636527358440594	0.04298426823454632	0.06940251072620372	0.053895863128343664	0.0886567085121034	0.02566343556332433	0.04322262831717782	0.0017347317124847715	0.03481381429101118	0.05786853117220192	0.12901901583770325	0.07122993802637852	0.08157211716722285	0.00949467662482123	0.07332220986281053
1	0.0023438741458763706	0.0	0.0	0.0	0.4497722336988188	6.621113406430425e-05	0.003032469940145135	0.0005561735261401557	0.0	0.004224270353302612	0.003098681074209439	1.3242226812860851e-05	0.000264844536257217	0.00038402457757296467	0.00042375125801154723	0.0006091424333915991	0.00042375125801154723	0.0016420361247947454	0.04885057471264368	0.484294718999947
2	0.0645028868054452	0.0081174850362837	0.0435669262143122	0.04078605858361142	0.05506117908787542	0.030430637215954234	0.039647227077705384	0.05511414799512686	0.05156523120928015	0.08837862174903331	0.02455108851104402	0.04755283648498331	0.08712061020181154	0.060437523173896925	0.04792361883574342	0.09472164839239366	0.050201281847555485	0.04896975475395943	0.00934901212987976	0.05200222469410456
3	0.060331585359394035	0.0053498596323957835	0.08163832830128714	0.09698606917739287	0.02900047672016526	0.07284548969754753	0.028272154245457915	0.029874463689814078	0.0554054769850098	0.0683961014884263	0.014248636050638275	0.04840033900100641	0.09974045235446792	0.05533926585094549	0.038256793262354996	0.08919963981143068	0.0542534032522909	0.04037554955241273	0.008686900789236719	0.023399014778325122
4	0.07232904285184596	0.009084167593622544	0.03433709412574819	0.04883733248583082	0.03940886699507389	0.0743153768737751	0.03963398485089253	0.04621537157688437	0.061258541236294296	0.0812807881773399	0.016883839186397586	0.04928756819746809	0.07424916573971078	0.043924466338259444	0.05837173579109063	0.09293394777265745	0.061073150060914246	0.05864982255416071	0.008422056252979501	0.029503681339053976
5	0.06218549711319456	0.009931670109645638	0.02723926055405477	0.03874675565443085	0.04246782138884475	0.07924148524815933	0.036985539488320354	0.05665024630541872	0.054054769850097995	0.09300015890672175	0.018896657661952435	0.04019015837703268	0.07334869431643626	0.044480639864399596	0.05604110387202712	0.09089464484347688	0.06863446157105779	0.07130939138725569	0.008143969489909423	0.02755707399756343
6	0.06320514857778484	0.01073944594523015	0.021995338736161874	0.052704062715186184	0.02210127655066476	0.034615180888818264	0.042401610254780446	0.04220297685258753	0.06582710948673129	0.09404629482493776	0.02165104083902749	0.04971131945547963	0.06113936119497855	0.07448752582234229	0.07509666825573388	0.103064251284496	0.0705943111393612	0.06482070024895387	0.004608294930875576	0.024988081995868425
7	0.09612532443455692	0.011494252873563218	0.027093596059113302	0.08727951692356586	0.03295990253721066	0.033039355898087826	0.031768102124053184	0.04020340060384554	0.05152550452884157	0.0781688648763176	0.016579267969701786	0.03378092059960803	0.04127602097568727	0.05463742782986387	0.04213676571852323	0.12192118226600986	0.086220138778537	0.07529530165792679	0.0032046188887123257	0.03529053445627417
8	0.000715080247894486	7.94533608771651e-05	0.0	0.0	0.2080618676836697	0.0	0.002688172043010753	0.03231103342338047	0.0	0.4579294454155411	0.1053286720694952	0.0	0.0	0.0	0.0	0.0	7.94533608771651e-05	0.034827056517824036	0.0038534880025425074	0.15412627787488745
