Position	A	C	D	E	F	G	H	I	K	L	M	N	P	Q	R	S	T	V	W	Y
0	0.017345988646261978	0.008380139969362928	0.12529660889676508	0.06764184663442765	0.08306550926621212	0.003784579341002613	0.031132670531342926	0.08324572733006938	0.008455230829303457	0.17120716066440392	0.04389811672123269	0.03862673835340762	0.0035292704172048177	0.027708527318054847	0.008740576097077464	0.06633526567146247	0.06258072267443607	0.09429910191331511	0.006412759438921094	0.048313459285735744
1	0.23991529750998708	0.0001802180638572673	0.0	0.0	0.0	0.01781155197789325	0.0	0.0006607995674766467	0.0	3.0036343976211215e-05	3.0036343976211215e-05	0.0001952362358453729	0.7120115339560869	4.5054515964316824e-05	0.0	0.021791367554741238	0.003484215901240501	0.0038446520289550355	0.0	0.0
2	0.07815456702610159	0.006007268795242243	0.02656714624695882	0.026897546030697144	0.09054455891628871	0.026131619259303757	0.03521761331210765	0.05627309043943171	0.04226113597452918	0.1213468296638933	0.0267774006547923	0.03192863364671252	0.07265791607845493	0.04006848286426576	0.032559396870212955	0.082194455290902	0.045429970264019466	0.07306340672213378	0.017871624665845673	0.06804733727810651
3	0.05637821764334845	0.0069383954585047905	0.062445559126543114	0.09571081008019704	0.025936383023458385	0.04966509476466525	0.02153605863094344	0.03760550265821644	0.045595170155888626	0.08902772354549005	0.015618898867629832	0.029720962364460996	0.16455411047367313	0.0458054245637221	0.030141471180127954	0.08764605172258433	0.05364491034151323	0.05637821764334845	0.007899558465743549	0.01775147928994083
4	0.06514883008440213	0.003559306761181029	0.021475985942991018	0.04000841017631334	0.049079386057129123	0.043823025861292164	0.032289069774427054	0.06632024749947436	0.045490042951971885	0.10805574745441984	0.01863755143723906	0.027633436458114318	0.09997597092481902	0.04643618778722254	0.0465863695071036	0.07866518487369717	0.06806235545009462	0.09746793620280539	0.009957048028114018	0.031327906767188295
5	0.07355900639774127	0.008184903733517556	0.01869762412519148	0.037935902441954765	0.053945273781275345	0.04520469768419788	0.030441834619890067	0.07497071456462319	0.03260445138617728	0.11470879764515063	0.018727660469167694	0.024374493136695402	0.10789054756255069	0.04810320487790226	0.02335325744150422	0.08045234734028174	0.06888835490944042	0.10135764274772474	0.006517886642837834	0.030081398492175532
6	0.05594269065569339	0.00704352266242153	0.017391043162226293	0.04433364370888775	0.029480671612651308	0.019358423692668127	0.04218604511458865	0.053584837653560806	0.04149520920313579	0.12061093923647613	0.02351845733337338	0.03682455771483495	0.12200762923136996	0.06387228546541315	0.05161745712311897	0.08608416183582135	0.06705613792689154	0.0840717267894152	0.008875739644970414	0.024644820232481303
7	0.06704111975490343	0.00779443126182681	0.011323701679031628	0.0701648995284294	0.029705944192472893	0.02300783948577779	0.03198870633466495	0.04244135403838645	0.06388730363740125	0.11158501787162467	0.017496170366143034	0.03559306761181029	0.029555762472591837	0.06151443246328057	0.04913945874508155	0.11699155978734269	0.11457363409725768	0.08309554561018832	0.004865887724146217	0.028234163337638542
8	0.008680503409125042	0.0009761811792268645	0.0	0.0	0.04765265971825909	0.0	0.0	0.2860811582014237	0.0	0.2651308082780164	0.026897546030697144	0.0	0.0006457813954885411	0.0	0.0	0.0	0.0007959631153695972	0.35958009191121254	0.002523052894001742	0.001036253867179287
