Position	A	C	D	E	F	G	H	I	K	L	M	N	P	Q	R	S	T	V	W	Y
0	0.07860348974370758	0.007966052361474945	0.010846086676777425	0.024464972348606707	0.09534751903426934	0.029642906383565423	0.031726335462720405	0.07246043782649325	0.048317171438638416	0.11296475021830048	0.026946704045835438	0.0333808232608729	0.005806026624998085	0.03051610827703479	0.04663204497755718	0.1120915483248311	0.060143695329135834	0.09248280405043124	0.01083076734531305	0.0688297562694364
1	0.18438347350521622	0.015058902829480521	0.0008272438990762443	0.0035540848997349756	0.01590146606002114	0.056160669148398366	0.0015625718093662392	0.061690947807037703	0.0029872696355531044	0.16033212310614764	0.032155276743722906	0.013312499042541783	0.036368092896426	0.060511359284280836	7.659665732187447e-05	0.15357629793035832	0.08877552583605251	0.10718936225623114	0.0010876725339706175	0.004488564119061844
2	0.0108614060082418	0.0	0.7689232041913691	0.1711016131256032	0.0008119245676118694	0.0009804372137199933	0.0011489498598281171	0.000873201893469369	0.00010723532025062426	0.0017923617813318626	0.0006280925900393707	0.008165203670511819	0.008686060940300565	0.007429875760221824	7.659665732187447e-05	0.012975473750325536	0.0028340763209093556	0.0009344792193268686	0.00015319331464374894	0.0015166138149731146
3	0.05352574413652588	0.006158371248678708	0.08722827335815066	0.1192303567872298	0.02469476232057233	0.0688910335952939	0.021569618701839852	0.03708810147525162	0.04854696141060404	0.07558558144522573	0.015380608790232394	0.036781714845964125	0.11840311288815356	0.04525330514576344	0.03226251206397353	0.08476186099238629	0.05403128207485025	0.04473244787597469	0.0071694471253274505	0.018704903718001747
4	0.07085190802273389	0.008057968350261194	0.04563628843237281	0.06887571426382953	0.032660814682047276	0.07475833754614948	0.03790002604286349	0.04805674280374404	0.05145763438883527	0.08375078511573755	0.015947424054414266	0.0435069013588247	0.08508356695313816	0.043859245982505325	0.03881918593072598	0.09917735190036307	0.05971475404813334	0.06372841889179956	0.005377085343995588	0.02277984588752547
5	0.06434119215037455	0.008931170243730564	0.03926344654319285	0.059178577446880216	0.033350184597944144	0.07636686734990886	0.033840403204804144	0.04948144062993091	0.049603995281645906	0.08479249965531505	0.01629976867809489	0.04997165923679091	0.07668857331066073	0.054444904024388376	0.04166858158309971	0.0984267046586087	0.07077531136541201	0.06545950334727392	0.005806026624998085	0.02130919006694548
6	0.06385097354351456	0.009589901496698684	0.034223386491413516	0.06677696585321016	0.022902400539240468	0.034162109165556016	0.04097921166720284	0.04467117055011719	0.047152902247345925	0.09877904928228932	0.019578105611471115	0.04931292798382279	0.06481609142577018	0.07413024495611012	0.04969591127043216	0.10109226833340992	0.07606048072062135	0.07540174946765323	0.005392404675459963	0.021431744718660477
7	0.08557378555999816	0.012025675199534293	0.028065015242734807	0.10869065673973988	0.0325229406988679	0.02785054460223356	0.02866246916984543	0.03831364799240161	0.05714110636211836	0.08946489575194938	0.01701977725692051	0.03020972164774729	0.02829480521470043	0.05891814881198584	0.046080549044839686	0.1120302709989736	0.08332184383473505	0.07851157375492133	0.00435069013588247	0.032951881979870395
8	0.0043966481302755945	0.0018536391071893622	0.0	3.063866292874979e-05	0.12457680346829664	0.0	3.063866292874979e-05	0.08946489575194938	0.0	0.5691591218959204	0.07883327971567321	0.0	1.5319331464374896e-05	0.0	0.0	1.5319331464374896e-05	0.0012715045115431164	0.12001164269191293	0.001179588522756867	0.009160960215696188
