Position	A	C	D	E	F	G	H	I	K	L	M	N	P	Q	R	S	T	V	W	Y
0	0.030998275082477853	0.004890057441428165	0.14971614221358834	0.17009696381022557	0.044663641083181216	0.019208547552459262	0.030512618692746973	0.03352703766349036	0.01956022976571266	0.07316664712876593	0.036524709862174064	0.06378845477534205	0.005107765478204076	0.05204896756150252	0.017768325155326312	0.0845209585852327	0.06589854805486242	0.04464689431112153	0.011605513037362049	0.04174970274479594
1	0.0007201111985664764	0.0	0.021352134376099008	0.9434796442985615	8.373386029842747e-05	0.0	0.0022105739118784854	0.0	0.001825398154505719	0.00015072094853716946	6.698708823874198e-05	0.0008875789191633313	0.005593421867934955	0.023428734111500007	3.349354411937099e-05	1.6746772059685496e-05	0.0	0.00015072094853716946	0.0	0.0
2	0.07680069666571768	0.012727546765360977	0.044965082980255554	0.060338619731046844	0.07191063922428952	0.025455093530721954	0.0316346524207459	0.07150871669485706	0.07192738599634921	0.09976052115954649	0.03483328588414583	0.05608493962788672	0.018454942809773417	0.04446267981846499	0.04208463818598965	0.061879322760537904	0.04302245742133204	0.06625023026811581	0.0162778624420143	0.049620685612848124
3	0.0546112236866344	0.006949910404769481	0.07303267295228845	0.13516319729372164	0.03366101183996784	0.05990320365749502	0.017098454272938893	0.038433841876978216	0.05896538442215263	0.10014569691691927	0.019828178118667626	0.035184968097399225	0.07847537387168624	0.057273960444124396	0.03004370907507578	0.0748078307906151	0.04901780181869945	0.047828781002461775	0.007737008691574699	0.021837790765829885
4	0.06606601577545929	0.007134124897426021	0.035084487465041114	0.06325255806943211	0.05402508666454541	0.04761107296568586	0.030797313817761626	0.06588180128280274	0.06137691959874734	0.12015808952824343	0.019677457170130457	0.03327583608259508	0.05015658231875806	0.04657277309798536	0.04809672935541674	0.06958283790799323	0.05615192671612547	0.08363337966606936	0.010282518044646895	0.031182489575134392
5	0.06775743975348751	0.008172424765126522	0.027414465861705158	0.05610168639994641	0.04762781973774555	0.05060874516436957	0.036055800244502875	0.06445832565772948	0.0614271599149264	0.10594008004957045	0.018907105655384924	0.033711252156146905	0.0626999145914625	0.05374039153953076	0.05179776598060724	0.07512601945974913	0.058128045819168354	0.08076968164386314	0.009579153618140103	0.029976721986837037
6	0.05837924740006364	0.00966288747843853	0.02364644214827592	0.06954934436387386	0.04134778021536349	0.02242392778791888	0.04457990722288279	0.056687823422035405	0.055415068745499306	0.10888751193207509	0.024215832398305225	0.043223418686048266	0.05983621656925628	0.06959958468005292	0.05290305293654648	0.06829333645939745	0.05745817493678094	0.08107112354093748	0.015005107765478204	0.03781421131076985
7	0.09982750824778525	0.012593572588883493	0.02167032304523303	0.0974327198432502	0.02476847587627485	0.030479125148627603	0.02361294860415655	0.04543399259792675	0.06549662552542998	0.08048498651884849	0.014887880361060406	0.030948034766298795	0.03086430090600037	0.06082427612077772	0.0416827156565572	0.12106241521946645	0.0854420310485154	0.08351615226165157	0.003751276941369551	0.025220638721886356
8	0.020548289317234104	0.0006866176544471053	0.0	0.0010382998677005008	0.25151976956441646	6.698708823874198e-05	0.04744360524508901	0.020213353876040393	0.00011722740441779847	0.24117026443153083	0.09689682313734027	1.6746772059685496e-05	0.0006363773382680488	0.002779964161907792	8.373386029842747e-05	0.0015574498015507511	0.003968984978145462	0.03555339708271231	0.020096126471622594	0.2556059819469797
