Position	A	C	D	E	F	G	H	I	K	L	M	N	P	Q	R	S	T	V	W	Y
0	0.06694135471712058	0.00581094564132885	0.008868851853220502	0.026957614278851485	0.10436606186024168	0.028971582720520306	0.04371604892649939	0.05519012601160341	0.06632238276486456	0.0772052030597539	0.024888215513100033	0.033285909611618196	0.0012287055171649236	0.03578027419533646	0.07181922323639185	0.13114814677949818	0.056437308303462545	0.06630390599017036	0.008360740549129744	0.08639739847012305
1	0.06666420309670744	4.6191936735523444e-05	0.0	0.00048039614204944384	0.018587635342374634	0.003954029784560807	0.026698939433132552	0.0037692620376187135	0.05746276929899117	0.012730497764310261	0.004037175270684749	0.0024204574849414286	7.390709877683752e-05	0.030348102435238906	0.628755404456598	0.03750785262924504	0.020601603784043458	0.017386644987251027	0.0006744022763386423	0.06780052474040131
2	0.08406008647130557	0.005228927238461255	0.02204279221019179	0.015335722996193785	0.0898248401758989	0.02249547319019992	0.04516647573999483	0.05915339418351133	0.0805864528287942	0.06552788145301357	0.02677284653190939	0.05679760540999963	0.08715494623258564	0.03495805772144414	0.03925390783784782	0.08438343002845423	0.0417667491962603	0.047014153209415765	0.011076826429178522	0.08139943091533942
3	0.047476072576771	0.003233435571486641	0.10887439488562876	0.11569232474779202	0.02165477994161339	0.07556077011196925	0.02583053102250471	0.019437566978308268	0.047937991944126235	0.05504231181404974	0.01012527253242674	0.04281068696648313	0.15626732197627582	0.05206755108828203	0.03291637411773401	0.09030523631794835	0.042358005986475	0.02675436975721518	0.009035142825468386	0.016619858837441336
4	0.05115295074091866	0.004840914969882857	0.02038912087506005	0.038468644913343925	0.05295443627360408	0.05046007168988581	0.058414323195742954	0.060252762277816785	0.0845220058386608	0.09227301282288164	0.013783673921880197	0.03375706736632054	0.06861350282694653	0.04385462473670596	0.09116440634122908	0.06690440116773216	0.0453050515502014	0.07593030560585344	0.013885296182698348	0.03307342670263479
5	0.05956912161413104	0.005432171760097557	0.015021617826392225	0.03558626806104726	0.042348767599127896	0.03946639074683123	0.03239902442629614	0.09647647906581427	0.03984516462806253	0.11985883744133624	0.018227338235837554	0.024749639702893463	0.10635231513986919	0.046579949004101846	0.044418166364879344	0.06596208565832748	0.06336609881379106	0.1134658733971398	0.006429917593584864	0.02444477292043901
6	0.04062118916521932	0.00533978788662651	0.009173718635674956	0.04028860722072355	0.030643730830346255	0.011649606444699014	0.053887513395661654	0.04435349765344961	0.07369461586785411	0.11968330808174125	0.0240290454898193	0.032020250545064854	0.054173903403421896	0.08211078674106648	0.1475555227079561	0.0715328332286316	0.05539337053323972	0.06744946602121134	0.011012157717748789	0.025387088429843687
7	0.05738886220021433	0.00758471601197295	0.012028380325930305	0.09015742212039467	0.04160969661135952	0.026070729093529435	0.04379919441262333	0.031004027936883338	0.07530209526625033	0.11203392335833857	0.01649052141458187	0.03515206385573334	0.011825135804294002	0.07434130298215144	0.06838254314326891	0.10001478141975537	0.08300691031373564	0.05872842836554451	0.0053305494992794055	0.04974871586415875
8	0.00372307010088319	0.000535826466132072	0.0	0.0	0.0994789549536233	0.0	0.0005543032408262814	0.11314252983999114	3.695354938841876e-05	0.46231661801116	0.0650105317615757	0.0	0.0	9.23838734710469e-06	9.23838734710469e-06	2.7715162041314067e-05	0.0005543032408262814	0.18404715272901961	0.005385979823362034	0.06516758434647647
