Position	A	C	D	E	F	G	H	I	K	L	M	N	P	Q	R	S	T	V	W	Y
0	0.09086953684164727	0.0076794221941827836	0.003350229512476342	0.025170230817760566	0.03746165727587182	0.09054321578523723	0.03863641307894794	0.03611286357604369	0.08684491047925685	0.07485805034046164	0.023103530793830356	0.020601736028020103	0.0035460221463223616	0.06589509865773271	0.13566254051819784	0.11094915917941131	0.04272630365262036	0.052080840603041315	0.010333500119651054	0.043574738399286446
1	0.0	0.0	0.0	0.0	0.0	0.0	0.0010659821176061087	0.0	0.005068853742902517	0.0	0.0	0.0	0.0	0.0036112863576043684	0.990253877781887	0.0	0.0	0.0	0.0	0.0
2	0.07092044292644724	0.014619183327169492	0.0342854656601475	0.022189831835882263	0.08258098200883242	0.035808297256727656	0.03511214566971958	0.06991972502012313	0.041790849957578265	0.1549589923205778	0.03265386037809733	0.0519503121804773	0.014923749646485521	0.04405334261535449	0.025953401353144646	0.07122500924576326	0.04187786890595427	0.06741793025431288	0.029738725607501033	0.05801988382970392
3	0.061913981769530314	0.006700459024952684	0.05353840798833946	0.07864337459481802	0.034241956185959495	0.06683055235277481	0.029412404551091	0.03254508669262732	0.06108730175995823	0.10246481171275044	0.015315334914177562	0.03422020144886549	0.09136989579480932	0.06252311440816238	0.05447386168338156	0.08973829051275915	0.0460547784280027	0.04324841734287641	0.013596710683751387	0.022081058150412253
4	0.060891509126112214	0.010659821176061087	0.034241956185959495	0.05223312376269933	0.048969913198598995	0.05919463963278004	0.026432005569212696	0.06637370287380077	0.04272630365262036	0.13994822372571628	0.020057867600670045	0.02793308242869885	0.0765766745708878	0.04714251528270281	0.04009398046424609	0.07118149977157526	0.051406443753127244	0.07968760197533013	0.016707638088193703	0.02754149716100681
5	0.068527421846107	0.00754889377161877	0.03008680140100507	0.05508299432201362	0.0480562142406509	0.05580090064611569	0.024778645550068527	0.06752670393978288	0.03841886570800792	0.12950594992059522	0.02038418865708008	0.031718406683055235	0.07786020405943395	0.05580090064611569	0.0382448278112559	0.0735092566406335	0.05425631431244153	0.08214588726695238	0.013770748580503405	0.02697587399656275
6	0.05382121957056149	0.009354536950420954	0.024843909761350536	0.06715687340918484	0.06060869754389018	0.02205930341331825	0.03648269410664172	0.0539517479931255	0.036156373050231685	0.15728674918963603	0.02723693084169078	0.030717688776731134	0.06241434072269236	0.06202275545500033	0.04679443948919877	0.061826962821154303	0.050601518480649164	0.0764243914112298	0.022189831835882263	0.03804903517740988
7	0.06219679335175234	0.01068157591315509	0.023277568690582374	0.05949920595209607	0.03968064045946005	0.060217112276198144	0.035046881458437575	0.03548197620031762	0.06293645441294841	0.13268214153631952	0.018448017055713882	0.03833184675963191	0.025235495029042574	0.06339330389192246	0.06300171862423043	0.09789631692300999	0.07716405247242587	0.05425631431244153	0.007962233776404813	0.032610350903909326
8	0.0002610568451280266	0.0	0.0	0.0	0.24937455130854744	0.0	0.0032197010899123286	0.05234189744816934	0.0017621337046141796	0.3306067396175517	0.05477842800269759	0.0	0.0	0.0	0.0013705484369221398	0.0	4.350947418800444e-05	0.02999978245262906	0.1019862074966824	0.17425544412295776
