Position	A	C	D	E	F	G	H	I	K	L	M	N	P	Q	R	S	T	V	W	Y
0	0.07766795056228441	0.009791637663000603	0.007687905084536019	0.022444970377589062	0.09575076956393955	0.031757080761674945	0.029576005073707983	0.07443500858508516	0.05533126053799867	0.11290547125156619	0.025817129951892587	0.03135489659226259	0.0060946370287871055	0.03007100097452318	0.049329435240614415	0.10707380079508716	0.05929122774452024	0.0934459449007688	0.010657880489427196	0.06951598682073414
1	0.158924621405479	0.011833495753863289	0.000680619363620895	0.002041858090862685	0.015282998437669188	0.04959240181292249	0.0007424938512227946	0.06567976858941636	0.001252958373938466	0.19575541015050968	0.03611923213760886	0.010394913917119124	0.019707024301205005	0.056011879901619564	6.187448760189954e-05	0.1578108806286448	0.1027425866629542	0.11112657973301159	0.0009281173140284932	0.003310285086701626
2	0.01013194734481105	0.0	0.7956440360728263	0.14583816727767723	0.0009126486921280183	0.0010209290454313426	0.0006342134979194703	0.0007734310950237443	0.0	0.0022893560412702834	0.0010054604235308676	0.009389453493588256	0.007347595402725571	0.006342134979194704	0.0	0.013859885222825498	0.002335761906971708	0.0005723390103175709	0.0002320293285071233	0.0016706111652512877
3	0.05110832675916903	0.0060791684068866305	0.09745231797299178	0.12152149365013071	0.024981824369266943	0.06666976039104676	0.021888099989171964	0.036939069098334026	0.048818970717898744	0.0716970625087011	0.014648784939749717	0.03840858817887914	0.11941776107166613	0.042940894395718285	0.033257537086021007	0.08281900165514254	0.051711603013287546	0.04315745510232493	0.007455875756028896	0.01902640493758411
4	0.06691725834145436	0.008708834129967362	0.045384936655993316	0.0694231750893313	0.03602642040620601	0.0704595727566631	0.03817655885037202	0.05217566167030179	0.05516110569709345	0.08532491840301948	0.01604096091079246	0.041889028106485995	0.0790910637771281	0.04437947623246245	0.039615140687116183	0.09361609974167401	0.05718749516605565	0.06778350116788096	0.0067907250143084755	0.025848067195693537
5	0.061456834810586725	0.009018206567976859	0.040249354185035655	0.060466843008956335	0.03488174238557087	0.06680897798815104	0.031803486627376365	0.055594227110306746	0.048571472767491145	0.09131127507850326	0.017324856528531874	0.04946865283771869	0.07932309310563522	0.0546970470400792	0.037263910158244005	0.09120299472519994	0.07114019212028401	0.0705833217318669	0.006388540844896129	0.022444970377589062
6	0.06154964654198957	0.00962148282209538	0.033690658499234305	0.06552508237041162	0.027456803873342924	0.030983649666651198	0.04167246739987934	0.04710195368694603	0.0473649202592541	0.10976534100576979	0.02114560613794917	0.047457731990656955	0.06322025770724087	0.07134128420499018	0.04860241001129209	0.09355422525407212	0.07237768187232199	0.07590452766563027	0.006945411233313224	0.024718857796958867
7	0.06499914922579547	0.011864432997664239	0.027363992141940074	0.105635218958343	0.041424969449471744	0.030210218571627454	0.03288629016040961	0.03670703976982691	0.06648413692824107	0.10565068758024347	0.019382183241295033	0.033876281962040004	0.02060420437143255	0.06286447940352995	0.055826256438813865	0.09616842235525237	0.0750846907049051	0.06580351756462016	0.0057233901031757085	0.041440438071372224
8	0.00272247745448358	0.0012684269958389406	0.0	0.0	0.14294553498228843	0.0	1.5468621900474885e-05	0.11180719909663248	0.0	0.4962952650548363	0.07084628830417498	0.0	0.0	0.0	0.0	0.0	0.0008353055826256439	0.15456247002954507	0.003031849892493078	0.01566971398518106
