Position	A	C	D	E	F	G	H	I	K	L	M	N	P	Q	R	S	T	V	W	Y
0	0.10344306348673162	0.0028216325159556603	0.0009909304669129997	0.01504870675176352	0.031205911991938194	0.10675176352032248	0.039385287201881086	0.028451461202552906	0.10878401074907625	0.05292240510581122	0.018827678871346995	0.015351024521330197	0.0005374538125629828	0.06580450117568022	0.17564662411823984	0.11157205240174672	0.0344138394356735	0.043013100436681224	0.007692307692307693	0.037336244541484716
1	0.0	0.0	0.0	0.0	0.0	0.0	0.0	0.0	0.001007725898555593	0.0	0.0	0.0	0.0	0.0009573396036278132	0.9980349344978166	0.0	0.0	0.0	0.0	0.0
2	0.07228753778972119	0.010161236143768895	0.02287537789721196	0.013436345314074572	0.08973799126637555	0.027124622102788043	0.03856231105139402	0.07502519314746389	0.04544843802485724	0.1712798118911656	0.0356399059455828	0.05068861269734632	0.0074067853543836075	0.04326503191132012	0.02581457843466577	0.06736647631844138	0.0373866308364125	0.06417534430634868	0.036126973463218005	0.06619079610345986
3	0.06241182398387639	0.004366812227074236	0.058061807188444746	0.08438024857238831	0.031054753107154855	0.07238831037957676	0.02762848505206584	0.028132348001343635	0.06133691635875042	0.09464225730601276	0.01306684581793752	0.03301981860933826	0.09838763856231106	0.06771918038293584	0.055307356399059454	0.0957843466577091	0.044860597917366477	0.03600940544171985	0.011891165602955996	0.019549882431978503
4	0.0594054417198522	0.006802149815250252	0.029140073899899227	0.05298958683238159	0.04779979845482029	0.05953980517299295	0.026939872354719518	0.06698018139066174	0.04894188780651663	0.14213973799126636	0.018206247900571043	0.02324487739334901	0.08453140745717165	0.04810211622438697	0.04274437353039973	0.07069197178367484	0.04910984212294256	0.08117232112865301	0.015636546859254283	0.025881760161236143
5	0.06612361437688949	0.005324151830702049	0.025697010413167617	0.056499832045683575	0.04484380248572388	0.05152838427947598	0.02435337588176016	0.07117903930131005	0.04299630500503863	0.13453140745717165	0.019415518978837757	0.030601276452804835	0.07885455156197514	0.057423580786026204	0.04341619079610346	0.07196842458851192	0.05505542492442056	0.08565670137722539	0.011840779308028217	0.022690628149143435
6	0.05169633859590191	0.007037285858246557	0.015317433658045011	0.05683574067853544	0.061521666106818945	0.015703728585824656	0.03784010749076251	0.06227746053073564	0.03802485723883104	0.1646120255290561	0.027393349009069534	0.027494121598925093	0.06827342962714142	0.06120255290560967	0.04818609338259993	0.0594054417198522	0.053627813234800134	0.08637890493785691	0.020675176352032247	0.036496472959355056
7	0.06719852200201545	0.008246556936513268	0.016845817937520994	0.0688108834397044	0.032431978501847494	0.06622438696674504	0.03451461202552906	0.028804165267047363	0.0675680214981525	0.12495801142089352	0.017316090023513604	0.03953644608666443	0.025226738327175008	0.07389989922741015	0.06968424588511925	0.10480349344978165	0.07341283170977494	0.046624118239838766	0.006567013772253947	0.02732616728249916
8	0.006365468592542828	0.0008061807188444743	0.0	0.0002519314746388982	0.13970440040309037	5.038629492777964e-05	0.02470607994625462	0.04093046691299966	0.11671145448438025	0.32156533422908967	0.048874706079946255	0.0	0.0002519314746388982	0.00287201881088344	0.13055089015787705	0.00035270406449445753	0.0012596573731944911	0.04779979845482029	0.01755122606650991	0.09939536446086665
