Position	A	C	D	E	F	G	H	I	K	L	M	N	P	Q	R	S	T	V	W	Y
0	0.11477591493248092	0.0015134711983821514	0.0032617913758236023	0.03456194141822689	0.027764368191010504	0.06895426968491096	0.027098962750342487	0.03409224346010829	0.1187813947419923	0.07345554178354752	0.024907038945789026	0.02035357818513928	0.0002609433100658882	0.06862809054732859	0.11024854850283776	0.12015134711983821	0.05418487833518168	0.0571726792354361	0.008154478439559005	0.03167851784199883
1	0.0	0.0	0.042925174505838604	0.9551829864961837	0.0	0.0	0.0	0.0	0.0	0.0	0.0	0.0	0.0	0.0018918389979776893	0.0	0.0	0.0	0.0	0.0	0.0
2	0.07872659664687846	0.005910365972992367	0.04591297540609303	0.06513145019244569	0.04873116315480462	0.029643160023484896	0.03351816817796334	0.05678126427033727	0.11347119838215147	0.10215930589079522	0.031169678387370343	0.05504599125839911	0.01488681583925892	0.05470676495531346	0.0690716941744406	0.06053884793528606	0.03672777089177376	0.05057081349076913	0.01127275099484637	0.03602322395459586
3	0.05730315089046904	0.003692347837432318	0.05477200078282993	0.12430034574988584	0.025285406745384566	0.05169286972405245	0.01964903124796138	0.040133081088133606	0.08128384108552417	0.10714332311305369	0.0189053428142736	0.0333746493574271	0.07245091003979386	0.06622741209472242	0.05295844477787201	0.0730380324874421	0.047622154087024596	0.04775262574205754	0.00541457368386718	0.017000456650792615
4	0.05769456585556788	0.003157414051797247	0.026655359123230478	0.06539239350251158	0.03638854458868811	0.05131450192445691	0.039076260682366755	0.050844803966338316	0.11400613216778654	0.09806249592276078	0.015565268445430231	0.030530367277708918	0.06085197990736513	0.05217561484767434	0.09363950681714397	0.06541848783351817	0.04549546610998761	0.060669319590319	0.006458346924130732	0.0266031704612173
5	0.06108682888642442	0.005310196359840824	0.020692804488224935	0.05393698219061909	0.03932415682692935	0.04766129558353448	0.03410529062561159	0.057355339552482225	0.08718115989301324	0.11142279339813425	0.01822689020810229	0.03474460173527301	0.06325265835997129	0.06597951595015983	0.07430360754126165	0.07190292908865549	0.052514841150759994	0.07183769326113902	0.007228129688825103	0.0219322852110379
6	0.055854915519603365	0.008963402700763259	0.02051014417117881	0.07935286059103659	0.03253963076521626	0.015591362776436819	0.04355143844999674	0.04895296496836062	0.07722617261399961	0.10799138887076783	0.020197012199099744	0.03916759084088982	0.0634875073390306	0.07554308826407463	0.07088525017939852	0.06821058125122317	0.05850349011677213	0.07583012590514711	0.00884597821123361	0.02879509426577076
7	0.09206079979124535	0.010033270272033401	0.017913758236023224	0.09915845782503752	0.01974036140648444	0.03491421488681584	0.029695348685498075	0.039011024854850286	0.07744797442755562	0.08574597168765086	0.0163350512101246	0.03332246069541392	0.026577076130210712	0.06963272229108226	0.055554830713027595	0.11893796072803184	0.07870050231587188	0.07333811729401787	0.0017352730119381565	0.02014482353708657
8	0.026564028964707418	0.0011351033987866137	0.0	0.0	0.10009785374127471	1.304716550329441e-05	0.0	0.11438449996738209	0.0	0.54190097201383	0.06800182660317046	0.0	0.00014351882053623851	0.0	0.0	3.9141496509883226e-05	0.001748320177441451	0.14507143323113053	0.00035227346858894906	0.0005479809511383652
