Position	A	C	D	E	F	G	H	I	K	L	M	N	P	Q	R	S	T	V	W	Y
0	0.07464503684027449	0.007336432343547418	0.009834614046738134	0.023290010435442557	0.07793378237358885	0.05252506087341492	0.040698225974765204	0.0637352559845682	0.04713341555197167	0.08977642854884103	0.03423141384435379	0.03170160958795813	0.006703981279448503	0.04561553299813427	0.0450147044872403	0.11488473579356798	0.06843120513550265	0.0803529076937672	0.010656800430066723	0.07549884577680802
1	0.05589286278974164	0.0021503336179363123	0.001502071277234924	0.010482876387439522	0.1413370015495051	0.008933371280397178	0.004458780001897353	0.07619454194731683	0.000679884893906334	0.18995667710210923	0.04582107959396642	0.0155108623470259	0.00619802042816937	0.03595484299402334	0.0006640736173038611	0.07426556620181514	0.09651203238149449	0.1232014672864687	0.022246466179679347	0.08803718812256901
2	0.08808462195237643	0.013834867027163774	0.04161528001770863	0.026800113841191537	0.08879612939948771	0.038484647250419	0.030136293204313318	0.06454163109129431	0.028033393416184424	0.12049773898744584	0.0319545900135977	0.046975302785946936	0.03728299022863106	0.04485659172121557	0.015985200645100086	0.09187932833696992	0.046074060019605984	0.055845428959934225	0.018341080858868545	0.06998071024254499
3	0.0642570281124498	0.005470701704455618	0.08296176833317521	0.08719919046263795	0.03712487746260633	0.07905638301236442	0.02790690320336464	0.02918761660816494	0.04803465831831262	0.06147424343041457	0.013803244473958828	0.045330930019289756	0.10248869493722923	0.047844922999082946	0.03181228852417544	0.10342156025677514	0.05385320810802264	0.03937007874015748	0.010482876387439522	0.028918824905922905
4	0.05989311577016728	0.009882047876545553	0.037235556398823644	0.048287638743952185	0.055133921512822946	0.07143534768997249	0.03019953831072321	0.06748252853935427	0.03791544129272997	0.12609493090472124	0.02264174809474117	0.03646080384530247	0.06645479556019353	0.04393953767827214	0.0304367074597603	0.07320621066944945	0.056272333428200996	0.08183916769439964	0.013344717452487114	0.03184391107738039
5	0.06836796002909275	0.00844322170572052	0.0285709768206685	0.03820004427157449	0.05152895044745913	0.06794105556082598	0.03301394554596338	0.06613857002814408	0.03261866363090156	0.10259937387344654	0.021313600860133446	0.03635012490908516	0.07750687790532207	0.050801631723745376	0.031148214906871582	0.09233785535844163	0.07036018088100433	0.07619454194731683	0.011115327451538436	0.035448882142744206
6	0.05582961768333175	0.007874015748031496	0.0194162476678367	0.04319640767795592	0.07404420832938051	0.02555102298959618	0.048382506403567026	0.05932390981247826	0.024665591499857697	0.18110236220472442	0.03318786958859058	0.0315434968219334	0.054438225342314135	0.05616165449198368	0.028096638522594315	0.06914271258261392	0.05320494576732125	0.0659488347089144	0.014546374474275052	0.0543433576826993
7	0.051940043639123426	0.00877525851437245	0.01974828447648863	0.06590140087910698	0.060778547259905766	0.04316478512475097	0.03818423299497201	0.03597065427062581	0.06427283938905227	0.1587768396420327	0.024207064478385984	0.03560699490876893	0.01908421085918477	0.0611105840685577	0.057458179173386456	0.08908073237833222	0.06292888087784208	0.043417765550390536	0.0036524048951712363	0.055940296619549065
8	0.0	0.0	0.0	0.0	0.03767827214369288	0.0	0.0005375834044840781	0.0	0.0	3.162255320494577e-05	0.0007431300003162255	0.0	0.0	0.0	0.0	0.0	0.0	0.0	3.162255320494577e-05	0.9609777693450969
