Position	A	C	D	E	F	G	H	I	K	L	M	N	P	Q	R	S	T	V	W	Y
0	0.1157912227137724	0.0010904106174839555	0.003572392880137911	0.02955532016532702	0.025640226805408436	0.04655534093505306	0.023978648721623363	0.04271294161630008	0.11428541757534218	0.05888217334413359	0.022410534405051197	0.019180842004693957	0.0001246183562838806	0.06510270629530396	0.1041809458533242	0.14836853801898353	0.06340997362244792	0.07558103308617359	0.004205869524580971	0.03537084345857478
1	0.0	0.0	0.31517020790495776	0.6405383512991464	0.0	0.0	0.0	0.0	2.0769726047313437e-05	0.0	1.0384863023656719e-05	0.00021808212349679108	0.0	0.04404220408332814	0.0	0.0	0.0	0.0	0.0	0.0
2	0.07487486240056494	0.004039711716202463	0.08363968679253121	0.06800008307890419	0.058913327933204564	0.023989033584647018	0.03028226057698299	0.06545579163810829	0.05722059526034851	0.12037094730720502	0.03257731530521112	0.05037697052775874	0.03889131202359441	0.05721021039732486	0.024124036803954557	0.06790661931169129	0.03682472428188672	0.05076121045963404	0.011267576380667539	0.04327372421957754
3	0.05012773381519098	0.001838120755187239	0.06865432944939456	0.13916754938002368	0.020987808170810227	0.04515338442685941	0.019284690634930525	0.03596278065092321	0.07593411842897792	0.09462687187156002	0.015359212411988286	0.033937732361310154	0.08808440816665628	0.06456269341807382	0.04752113319625314	0.08295428583296986	0.051207759569651276	0.04660726525017135	0.0033958502087357467	0.014632272000332316
4	0.05150892059733732	0.00136041705609903	0.025162523106320226	0.06490539389785449	0.04578686107130247	0.04673188360645523	0.04225600764325919	0.05363781751718695	0.10627868818410285	0.104035557770993	0.016376928988306644	0.038745923941263215	0.06188339875797038	0.05015888840426195	0.08025422144681911	0.06883087212079672	0.04762498182648971	0.06053336656489501	0.006563233430951046	0.02736411406733545
5	0.060927991359793966	0.0040189419901551495	0.021870521527821048	0.05393897854487299	0.05195546970735456	0.0420379255197624	0.03545392236276403	0.06389806218455979	0.06999397677944628	0.11844974764782852	0.016522317070637837	0.03389619290921553	0.06405383512991464	0.0659334953371965	0.05070928614451575	0.07735684466321889	0.0579683053980518	0.07692068041622531	0.007238249527488733	0.026855255779176274
6	0.056088645190769934	0.005607826032774627	0.025744075435645004	0.0871186159054562	0.03390657777223918	0.009855235009450226	0.0470745840862359	0.052485097721561055	0.050906598541965234	0.11568737408353584	0.020551643923816646	0.04120713647786986	0.06451076910295553	0.07932996863771367	0.0527862587492471	0.07032629239620329	0.06580887698091262	0.08240388809271605	0.008879057885226494	0.029721477973705526
7	0.07372214260493905	0.005597441169750971	0.012108750285583733	0.09664153529814942	0.023968263858599705	0.03349118325129292	0.03686626373398135	0.031694601948200306	0.07874841630838889	0.10399401831889837	0.016781938646229257	0.038205911064033066	0.015099590836396868	0.07458408623590256	0.06474962095249964	0.11697509709846927	0.08856211186574449	0.05942218622136374	0.0016823478098323883	0.027104492491744035
8	0.001692732672856045	0.00023885184954410452	0.0	0.0	0.13794213554323217	0.0	0.0	0.10588406338920389	0.0	0.567823540407502	0.056524809437763515	0.0	0.0	0.0	0.0	0.0	0.0001142334932602239	0.125968388476956	0.0019211996593764928	0.0018900450703055226
