Position	A	C	D	E	F	G	H	I	K	L	M	N	P	Q	R	S	T	V	W	Y
0	0.061762387989998155	0.004572829608585244	0.008892694174993433	0.020237203374164486	0.10942683959097499	0.02797209600996293	0.0454266839201798	0.06412663819188372	0.05954407915859935	0.07359336842412507	0.02326305445559004	0.037730708983177826	0.001761025870540275	0.033566515211955514	0.07078156468608011	0.1224156215642969	0.056401474980784384	0.07225070781564687	0.0081532578978605	0.0981212480906004
1	0.01357254745526897	9.729424699117541e-06	0.0	0.0004280946867611718	0.0894620601083858	0.0011772603885932226	0.07752405600256856	0.0027339683404520292	0.027485624775007055	0.02132689894046565	0.006684114768293751	0.0005059300843541122	0.0019264260904252731	0.021190686994678003	0.44292233000262693	0.006236561232134344	0.004212840894717895	0.007880834006285208	0.009641859876825483	0.2650781759274574
2	0.06263803621291873	0.005662525174886409	0.07900292855683444	0.032953561455911114	0.06863136182757514	0.02282523034412975	0.038995534194063104	0.0563528278572888	0.05211079868847355	0.07346688590303656	0.023788443389342388	0.05470855508313793	0.12068378396785398	0.04143761979354161	0.032428172522158766	0.075656006460338	0.04130140784775396	0.04297486889600218	0.012687169807649274	0.06169428201710433
3	0.04647746178768449	0.0028507214368414394	0.10975764003074498	0.11566340082310933	0.021268522392270946	0.07181288370418658	0.02504353917552855	0.021647969955536528	0.047070956694330666	0.05634309843258968	0.01060507292203812	0.041992197001391306	0.1599614714781915	0.054873955303022935	0.02940232144073321	0.08533678403595996	0.04407429388700246	0.02960663935941468	0.008610540858719025	0.01760052928070363
4	0.058658701510979655	0.005662525174886409	0.030015275196777616	0.04504723635691422	0.05061246728480945	0.05814304200192642	0.05028166684503945	0.056849028516943796	0.06985726933966395	0.08750644574386317	0.014963855187242778	0.04200192642609042	0.08263200396960528	0.042994327745400414	0.06284235413160019	0.07420632218016948	0.05070003210710151	0.0691664801860266	0.012288263394985455	0.03557077669997373
5	0.05745225284828908	0.006411690876718459	0.020344227045854778	0.03647561319699166	0.049094677031747115	0.052684834745721484	0.038489604109708996	0.08129907278582617	0.040017123787470445	0.10106926377443302	0.01824267131084539	0.032077913232990536	0.09941526157558303	0.046205037896109205	0.04102898395617867	0.07689164339712592	0.06865082067697337	0.09550403284653779	0.007744622060497563	0.03090065284439731
6	0.047032038995534195	0.006800867864683161	0.015265467352915422	0.051205962191455616	0.040620348118815736	0.014253607184207198	0.053959389381305886	0.05071949095649974	0.046555297185277435	0.12730952218795302	0.02460571506406826	0.03701073155544313	0.06847569103238925	0.07955750576468414	0.07540304141816094	0.06946809235169925	0.061830493962891975	0.07845808077368385	0.013679571126959262	0.03778908553137253
7	0.07777702104474563	0.009593212753329895	0.016248139247526293	0.09444352555433397	0.034841069847539916	0.0241289732538115	0.03811015654644341	0.03486052869693815	0.057792782712758194	0.09066850877107636	0.015615726642083654	0.03236979597396406	0.0227960420700324	0.06704546560161898	0.04892927681186211	0.12125782002510191	0.09517323240676778	0.07154045981261128	0.003950146427841722	0.04285811579961277
8	0.0006713303042391103	0.0001654002198849982	0.0	0.0	0.22799933839912045	0.0	0.007277609674939921	0.022183088313987995	0.00011675309638941049	0.42652824938461387	0.08179527344548117	0.0	0.0	2.9188274097352622e-05	0.00017512964458411573	0.0	8.756482229205787e-05	0.028254249326237338	0.007647327813506387	0.19706949728062578
