Position	A	C	D	E	F	G	H	I	K	L	M	N	P	Q	R	S	T	V	W	Y
0	0.11492605909865095	0.00575846873394793	0.002500743464273162	0.010949201113844656	0.03144177998864527	0.06249155154235043	0.038470896753088756	0.04201249019978913	0.07506285652491282	0.09448755035280759	0.02222282300143286	0.02060071913271513	0.0052312849766146695	0.042782989537430045	0.11961664278569305	0.1524507285949877	0.059652869772094406	0.06934494038768282	0.005812538862905188	0.024182865176133446
1	0.017843142555894996	0.0	0.0	0.0	0.0	0.00017572791911108708	0.0	0.005082592121982211	0.0	0.003217172672956825	0.00020276298358971585	0.0	0.9547568195950147	1.351753223931439e-05	0.0	0.002379085674119333	0.0024872259320338477	0.013841953013057936	0.0	0.0
2	0.10353077942090892	0.003866014220443916	0.033334234502149285	0.04159344670037038	0.028738273540782396	0.055421882181189	0.03305036632512368	0.0258320041093298	0.06883127416258888	0.0731704020114088	0.020884587309740733	0.03364513774365352	0.04737895049879694	0.05048798291383925	0.16054773040633702	0.0992862742977642	0.038957527913704076	0.04820351996539512	0.008948606342426127	0.02429100543404796
3	0.07576576820135716	0.006285652491281192	0.04202600773202844	0.061396631430965964	0.024683013868988076	0.07836113439130553	0.02521019762632134	0.027048582010868096	0.05394847116710373	0.08366000702911676	0.015220741301468005	0.02788666900970559	0.1521668604179621	0.048906431641839464	0.055273189326556546	0.1015437021817297	0.05220470950823218	0.04168806942604558	0.009813728405742248	0.016910432831382303
4	0.07475195328340858	0.008732325826597097	0.020479061342561302	0.03380734813052529	0.02123604314796291	0.07133201762686205	0.03369920787261078	0.035226689015653304	0.06185622752710265	0.08330855119089459	0.012733515369434156	0.02508853983616751	0.16077752845440538	0.0437697693909	0.07876666035848495	0.09490659385222634	0.05650328476033415	0.05703046851766742	0.007299467409229771	0.018694747086971802
5	0.06799318716375138	0.005001486928546324	0.01607234583254481	0.02995485144232069	0.028765308605261025	0.07949660709940794	0.03406418124307226	0.03396955851739707	0.060855930141393386	0.08410608559301413	0.014396171834869825	0.02657546838249209	0.11611560193571062	0.04581091675903647	0.10937035334829273	0.09902944118521723	0.06926383519424693	0.054448619859958365	0.008164589472545891	0.016545459460920814
6	0.08556597907486009	0.009164886858255157	0.017599826975587336	0.03928194868744762	0.018708264619211115	0.058693124983103084	0.03129308713401281	0.03660547730406337	0.04718970504744654	0.10175998269755873	0.018978615263997405	0.029211387169158397	0.09925923923328557	0.05530022439103517	0.06889886182378545	0.11965719538241099	0.07442753250966504	0.06837167806645218	0.005001486928546324	0.015031495850117602
7	0.1258752602124956	0.009191921922733786	0.021100867825569764	0.06316742815431615	0.0202898158912109	0.04451323366406229	0.02407472491821893	0.03144177998864527	0.036983968206764174	0.06758766119657196	0.011935980967314607	0.0256427586579794	0.10865392413960907	0.047852064127172945	0.040282246073156884	0.14773310984346696	0.08036172916272405	0.07060207088593906	0.005015004460785639	0.01769444970126254
8	0.058517397063992	0.004244505123144718	0.0	0.00021628051582903024	0.10415258590391738	0.0010814025791451513	0.0005271837573332613	0.07498175133147693	0.0	0.5324826299710724	0.07840168698802347	0.0	0.007150774554597313	0.0003379383059828598	0.0	0.0036226986401362567	0.01176025304820352	0.11603449674227473	0.002757576576820136	0.003730838898050772
