Position	A	C	D	E	F	G	H	I	K	L	M	N	P	Q	R	S	T	V	W	Y
0	0.12003078751215296	0.003888948903532462	2.7006589607864318e-05	0.0019309711569622987	0.01126174786647942	0.046950956033272116	0.03621583666414605	0.0367829750459112	0.17327427892405747	0.04072593712865939	0.02013341255266285	0.008210003240790752	0.000256562601274711	0.03782272874581398	0.20018634546829425	0.14270281948795507	0.04506049476072162	0.05822620719455547	0.000850707572647726	0.015461272550502322
1	0.0758750135032948	0.0016338986712757912	0.0	1.3503294803932159e-05	0.05522847574808253	0.02831640920384574	0.0001350329480393216	0.06807010910662202	0.00010802635843145727	0.13315599006157502	0.03865993302365777	0.006211515609808794	0.0	0.061737063843577834	1.3503294803932159e-05	0.18009344280004322	0.14690234417197795	0.14571405422923192	0.005603867343631846	0.0525278167872961
2	0.06234471210975478	0.012855136653343415	0.005090742141082424	0.007021713298044723	0.07443016095927406	0.025008101976882358	0.03996975261963919	0.051758128983471964	0.11060548773900832	0.1246219077454899	0.03070649238414173	0.05217673112239386	0.015609808793345576	0.05922545101004645	0.10278708004753159	0.07181052176731123	0.025143134924921682	0.040428864642972885	0.026993086313060386	0.06141298476828346
3	0.06557199956789457	0.004294047747650426	0.05891487522955601	0.07189154153613482	0.02783029059090418	0.06280382413308848	0.02945068596737604	0.026371934752079506	0.06882629361564221	0.0832208058766339	0.010546073241871016	0.038281840769147674	0.1166819704007778	0.04781516690072378	0.06472129199524684	0.10700010802635843	0.048544344820136115	0.035297612617478664	0.012098952144323214	0.019836340066976342
4	0.054323754996219074	0.0061304958409852004	0.014961650642756832	0.032367397645025386	0.04857135140974398	0.0490844766122934	0.03670195527708761	0.06901533974289727	0.07548341795398077	0.10325969536566923	0.0141919628389327	0.019107162147564007	0.10136923409311872	0.0375796694393432	0.07998001512369018	0.08027708760937668	0.04955709193043103	0.08139786107810305	0.020106405963054984	0.026533974289726692
5	0.045924705628173274	0.006657124338338555	0.013462784919520363	0.032731986604731554	0.05636275251161283	0.04021281192610997	0.04179269741817003	0.06272280436426488	0.06397861078103056	0.12817327427892405	0.019836340066976342	0.02793831694933564	0.07456519390731338	0.04808523279680242	0.09521173166252565	0.06852922112995571	0.054998919736415686	0.07330938749054769	0.01589337798422815	0.029612725505023224
6	0.06804310251701415	0.00924975694069353	0.007926434049908178	0.039119045046991464	0.061237441935832346	0.01393540023765799	0.07260721616074323	0.05802365777249649	0.03747164308091174	0.11053797126498865	0.022104893594036945	0.027614237874041266	0.057375499621907744	0.04773414713190018	0.07348493032299881	0.07452468402290159	0.059995138813870585	0.08966187749810954	0.02407637463541104	0.04527654747758453
7	0.05969806632818408	0.008831154801771633	0.006508588095495301	0.06568002592632602	0.048476828346116455	0.04614075834503619	0.040996003024738034	0.02068704763962407	0.06468078211083504	0.115048071729502	0.01569082856216917	0.042103273198660474	0.062074646213676136	0.08750135032948039	0.07197256130495841	0.09822296640380253	0.05718645349465269	0.031233120881495085	0.007656368153829534	0.04961110510964675
8	0.0	0.0	0.0	0.0	0.0	0.0	0.0006481581505887436	0.0	0.05643026898563249	0.0	0.0	0.0	0.0	0.0	0.9428945662741709	0.0	0.0	0.0	0.0	2.7006589607864318e-05
