Position	A	C	D	E	F	G	H	I	K	L	M	N	P	Q	R	S	T	V	W	Y
0	0.03232832741029462	0.001467385073942451	0.09857847070961825	0.24488134816003668	0.06229508196721312	0.007004470938897169	0.043287859681302304	0.015407543276395735	0.007933050556001376	0.029439413045970423	0.0408231113149146	0.06447323168634644	0.00020635102602315717	0.049317895219534565	0.0051243838129084035	0.11238106156138943	0.10771523558408805	0.027100768084374643	0.004551186518399634	0.04568382437234896
1	0.11418090106614696	0.0007566204287515763	0.0	0.0	0.00021781497191333257	0.0019030150177691161	0.0	0.10879284649776454	0.0	0.0691046658259773	0.006660552562191907	0.0005961251862891207	0.008380144445718217	0.0014444571821621002	0.0	0.09427949100080248	0.28831823913791127	0.3053536627307119	0.0	1.1463945890175398e-05
2	0.13393327983491918	0.003851885819098934	0.04640605296343001	0.013940158202453284	0.10449386678894876	0.015338759601054684	0.01920210936604379	0.09771867476785509	0.012014215292903817	0.10528487905537086	0.043356643356643354	0.03365814513355497	0.0367190186862318	0.027261263326837096	0.0025220680958385876	0.08967098475295196	0.04279491000802476	0.08569299552906111	0.022927891780350797	0.06321219763842714
3	0.06095380029806259	0.0024532844204975352	0.1196606672016508	0.1476670870113493	0.02293935572624097	0.08904046772899232	0.02346669723718904	0.015613894302418893	0.03911498337727846	0.036902441820474606	0.006843975696434713	0.03408231113149146	0.1447781726470251	0.040479192938209334	0.022182735297489396	0.101765447667087	0.044491573999770724	0.024200389774160266	0.007004470938897169	0.016359050785280292
4	0.06032328327410295	0.003141121173908059	0.02675684970766938	0.03682219419924338	0.0561045511865184	0.05809927777140892	0.026653674194657802	0.09250257938782529	0.036042645878711456	0.102418892582827	0.013986013986013986	0.032580534219878485	0.12007336925369712	0.03496503496503497	0.02331766594061676	0.06881806717872292	0.05542817837899805	0.11443310787573083	0.012667660208643815	0.02486529863579044
5	0.05219534563796859	0.0031181932821277084	0.015510718789407314	0.026321219763842715	0.06251289693912644	0.034666972371890405	0.01983262639000344	0.10207497420612174	0.02459016393442623	0.15161068439756964	0.0273071191103978	0.033463258053421985	0.07023959646910466	0.03729221598074057	0.01951163590507853	0.08162329473804884	0.08976269632007337	0.11559096641063854	0.007302533532041729	0.025472887767969736
6	0.07696893270663763	0.005663189269746647	0.017551301157858534	0.053949329359165424	0.056907027398830676	0.01310329015247048	0.05882150636248997	0.07100768084374642	0.019225037257824144	0.09643471282815545	0.026539034735756046	0.0344376934540869	0.09109251404333371	0.05297489395850052	0.020222400550269404	0.07234896251289694	0.0609996560816233	0.11117734724292101	0.017826435859222743	0.04274905422446406
7	0.0814513355496962	0.005995643700561734	0.007256677748481028	0.08168061446749972	0.04378080935457985	0.06475983033360083	0.032076120600710765	0.01293133096411785	0.06066720165080821	0.08892582827009056	0.01721884672704345	0.04661240398945317	0.0497649891092514	0.0733463258053422	0.044491573999770724	0.12172417746188238	0.09143643242003897	0.026825633383010434	0.0033818640376017425	0.04567236042645879
8	0.05678092399403875	0.0009973632924452597	0.0	0.0	0.0010202911842256105	0.0	0.0	0.130849478390462	0.0	0.3055256219190645	0.02053192708930414	0.0	6.878367534105239e-05	0.0	0.0	6.878367534105239e-05	0.004860713057434369	0.4792961137223432	0.0	0.0
