Position	A	C	D	E	F	G	H	I	K	L	M	N	P	Q	R	S	T	V	W	Y
0	0.07609676836974183	0.0024823975446831557	0.0005190467593428416	0.006578353493410363	0.15949404224589275	0.012998736233977253	0.0339411446109406	0.06343654089185774	0.046838328218089906	0.10490386351326954	0.04129806824336523	0.01679003430222062	0.00015797075284347355	0.021878949268821085	0.037551904675934285	0.1151268279472829	0.05656481314316664	0.08885854847445387	0.010031142805560571	0.10445251850514534
1	0.4868771438887886	0.0026403682975266293	0.0	0.0	0.0006205993861707889	0.016846452428236142	0.0	0.034505325871095865	0.00010155262682794729	0.02495937894926882	0.007007131251128363	0.001071944394294999	0.0053033038454594695	0.012129897093338147	0.0	0.21674715652644883	0.09121682614190287	0.09982623217187218	0.0	0.0001466871276403683
2	0.11222693627008486	0.003385087560931576	0.060107871456941686	0.033072305470301495	0.08401787326232171	0.016011464163206354	0.03606246614912439	0.06929274237226936	0.026031323343563822	0.08703060119155082	0.030206264668712766	0.04095955948727207	0.04085800686044412	0.042527983390503704	0.02358277667448998	0.09805470301498466	0.05014443040259975	0.08111798158512366	0.009828037551904676	0.055481585123668534
3	0.06222919299512547	0.003294818559306734	0.0897725221159054	0.11244132514894385	0.01756860444123488	0.08340855750135404	0.020265390864777036	0.022736504784257087	0.039334717458024915	0.05799783354396101	0.01112565445026178	0.033817024733706444	0.1638946560751038	0.054262953601733166	0.02553484383462719	0.10209424083769633	0.04692859721971475	0.03281278209063008	0.005506409099115364	0.014973370644520671
4	0.07490070409821267	0.0034753565625564183	0.02968721790936992	0.04684961184329301	0.030510922549196604	0.08396145513630619	0.04910633688391407	0.04077902148402238	0.04925302401155443	0.06558042968044774	0.011159505325871096	0.04399485466690738	0.12256273695612926	0.04380303303845459	0.05215291568875248	0.09798700126376603	0.061540891857736056	0.06219534211951616	0.008079075645423362	0.02242056327857014
5	0.07277938256002889	0.004592435457663838	0.02020897273876151	0.03179725582235061	0.042426430763675756	0.09606878497923813	0.03900749232713486	0.05277351507492327	0.03424580249142444	0.0906300776313414	0.01469128001444304	0.03528389601011013	0.09759207438165735	0.041738129626286334	0.042527983390503704	0.11455136306192454	0.07358051994944936	0.0698117891316122	0.00468270445928868	0.02101011012818198
6	0.06605434193897816	0.006307546488535837	0.011069236324246255	0.04063233435638202	0.01664334717458025	0.02213847264849251	0.048722693627008484	0.04256183426611301	0.04407384004332912	0.117067611482217	0.022781639285069506	0.032327586206896554	0.08585710417042787	0.08107284708431124	0.07016158151290847	0.11783489799602817	0.08002346994042246	0.07579211048925799	0.0027306372991514716	0.01614686766564362
7	0.13157835349341035	0.006239844737317205	0.012084762592525727	0.10171059758079076	0.01752346994042246	0.020863423000541614	0.02609902509478245	0.03238400433291208	0.03816122043690197	0.054567611482217004	0.009703917674670519	0.022048203646867666	0.045157068062827224	0.05707257627730637	0.02924715652644882	0.1615138111572486	0.11182072576277306	0.09553845459469218	0.0017038274056688932	0.02498194619967503
8	0.0001466871276403683	5.641812601552627e-05	0.0	0.0	0.08495441415417945	0.0	1.1283625203105253e-05	0.02738535836793645	0.0	0.753317385809713	0.10358367936450623	0.0	0.0	0.0	0.0	0.0	4.513450081242101e-05	0.028716826141902872	0.00010155262682794729	0.0016812601552626829
